6.003e+06 0
736788 0
344823 0
224583 0
166575 0
132447 0
109977 0
94064.6 0
82206.1 0
73027.7 0
65713.2 0
59747.3 0
54788.7 0
50602.1 0
47020.3 0
43921.1 0
41213.1 0
38826.7 0
36707.8 0
34813.9 0
33110.8 0
31571.3 0
30172.7 0
28896.6 0
27727.6 0
26652.8 0
25661.2 0
24743.5 0
23891.7 0
23099.1 0
22359.6 0
21668.1 0
21020 0
20411.5 0
19838.9 0
19299.3 0
18789.7 0
18307.9 0
17851.6 0
17418.7 0
17007.7 0
16616.8 0
16244.6 0
15889.8 0
15551.2 0
15227.7 0
14918.4 0
14622.3 0
14338.6 0
14066.5 0
13805.4 0
13554.6 0
13313.4 0
13081.4 0
12858.1 0
12642.9 0
12435.4 0
12235.3 0
12042.1 0
11855.5 0
11675.1 0
11500.7 0
11331.9 0
11168.5 0
11010.3 0
10857 0
10708.3 0
10564.1 0
10424.1 0
10288.3 0
10156.3 0
10028.1 0
9903.49 0
9782.3 0
9664.4 0
9549.67 0
9437.98 0
9329.2 0
9223.24 0
9119.98 0
9019.31 0
8921.15 0
8825.4 0
8731.98 0
8640.8 0
8551.77 0
8464.84 0
8379.92 0
8296.94 0
8215.85 0
8136.57 0
8059.04 0
7983.22 0
7909.04 0
7836.45 0
7765.41 0
7695.86 0
7627.75 0
7561.05 0
7495.71 0
7431.69 0
7368.95 0
7307.45 0
7247.15 0
7188.03 0
7130.04 0
7073.17 0
7017.36 0
6962.6 0
6908.86 0
6856.1 0
6804.3 0
6753.44 0
6703.49 0
6654.43 0
6606.23 0
6558.87 0
6512.33 0
6466.59 0
6421.63 0
6377.43 0
6333.97 0
6291.23 0
6249.19 0
6207.84 0
6167.16 0
6127.14 0
6087.75 0
6048.99 0
6010.84 0
5973.29 0
5936.31 0
5899.91 0
5864.06 0
5828.76 0
5793.98 0
5759.73 0
5725.98 0
5692.73 0
5659.97 0
5627.68 0
5595.86 0
5564.5 0
5533.58 0
5503.09 0
5473.04 0
5443.41 0
5414.18 0
5385.36 0
5356.93 0
5328.89 0
5301.23 0
5273.94 0
5247.01 0
5220.44 0
5194.22 0
5168.34 0
5142.8 0
5117.58 0
5092.7 0
5068.13 0
5043.87 0
5019.92 0
4996.26 0
4972.91 0
4949.84 0
4927.06 0
4904.55 0
4882.32 0
4860.36 0
4838.67 0
4817.23 0
4796.05 0
4775.12 0
4754.44 0
4734 0
4713.8 0
4693.83 0
4674.1 0
4654.58 0
4635.3 0
4616.23 0
4597.37 0
4578.73 0
4560.3 0
4542.07 0
4524.04 0
4506.21 0
4488.58 0
4471.14 0
4453.88 0
4436.82 0
4419.93 0
4403.23 0
4386.7 0
4370.35 0
4354.17 0
4338.17 0
4322.32 0
4306.65 0
4291.13 0
4275.77 0
4260.57 0
4245.53 0
4230.64 0
4215.9 0
4201.3 0
4186.86 0
4172.55 0
4158.39 0
4144.37 0
4130.49 0
4116.74 0
4103.12 0
4089.64 0
4076.29 0
4063.06 0
4049.97 0
4036.99 0
4024.14 0
4011.42 0
3998.81 0
3986.32 0
3973.94 0
3961.69 0
3949.54 0
3937.51 0
3925.59 0
3913.77 0
3902.07 0
3890.47 0
3878.97 0
3867.58 0
3856.29 0
3845.1 0
3834.01 0
3823.02 0
3812.13 0
3801.33 0
3790.63 0
3780.02 0
3769.5 0
3759.07 0
3748.73 0
3738.49 0
3728.33 0
3718.25 0
3708.26 0
3698.36 0
3688.54 0
3678.8 0
3669.15 0
3659.57 0
3650.08 0
3640.66 0
3631.32 0
3622.06 0
3612.87 0
3603.76 0
3594.72 0
3585.76 0
3576.87 0
3568.05 0
3559.3 0
3550.62 0
3542.01 0
3533.47 0
3525 0
3516.59 0
3508.25 0
3499.98 0
3491.77 0
3483.62 0
3475.54 0
3467.52 0
3459.56 0
3451.66 0
3443.83 0
3436.05 0
3428.33 0
3420.67 0
3413.07 0
3405.53 0
3398.04 0
3390.61 0
3383.24 0
3375.92 0
3368.65 0
3361.44 0
3354.28 0
3347.18 0
3340.12 0
3333.12 0
3326.17 0
3319.27 0
3312.42 0
3305.62 0
3298.87 0
3292.16 0
3285.51 0
3278.9 0
3272.34 0
3265.83 0
3259.36 0
3252.94 0
3246.56 0
3240.23 0
3233.94 0
3227.7 0
3221.5 0
3215.34 0
3209.23 0
3203.16 0
3197.13 0
3191.14 0
3185.19 0
3179.29 0
3173.42 0
3167.59 0
3161.81 0
3156.06 0
3150.35 0
3144.68 0
3139.05 0
3133.45 0
3127.89 0
3122.37 0
3116.89 0
3111.44 0
3106.03 0
3100.66 0
3095.31 0
3090.01 0
3084.74 0
3079.5 0
3074.3 0
3069.13 0
3064 0
3058.89 0
3053.83 0
3048.79 0
3043.79 0
3038.81 0
3033.87 0
3028.96 0
3024.09 0
3019.24 0
3014.42 0
3009.64 0
3004.88 0
3000.16 0
2995.46 0
2990.79 0
2986.16 0
2981.55 0
2976.97 0
2972.41 0
2967.89 0
2963.39 0
2958.93 0
2954.48 0
2950.07 0
2945.68 0
2941.32 0
2936.99 0
2932.68 0
2928.4 0
2924.14 0
2919.91 0
2915.71 0
2911.53 0
2907.38 0
2903.25 0
2899.14 0
2895.06 0
2891.01 0
2886.97 0
2882.97 0
2878.98 0
2875.02 0
2871.08 0
2867.17 0
2863.27 0
2859.4 0
2855.56 0
2851.73 0
2847.93 0
2844.15 0
2840.39 0
2836.65 0
2832.94 0
2829.25 0
2825.57 0
2821.92 0
2818.29 0
2814.68 0
2811.09 0
2807.52 0
2803.97 0
2800.44 0
2796.93 0
2793.44 0
2789.97 0
2786.52 0
2783.09 0
2779.68 0
2776.28 0
2772.91 0
2769.56 0
2766.22 0
2762.9 0
2759.6 0
2756.32 0
2753.05 0
2749.81 0
2746.58 0
2743.37 0
2740.18 0
2737 0
2733.84 0
2730.7 0
2727.58 0
2724.47 0
2721.38 0
2718.3 0
2715.25 0
2712.21 0
2709.18 0
2706.17 0
2703.18 0
2700.2 0
2697.24 0
2694.3 0
2691.37 0
2688.46 0
2685.56 0
2682.68 0
2679.81 0
2676.96 0
2674.12 0
2671.29 0
2668.49 0
2665.69 0
2662.91 0
2660.15 0
2657.4 0
2654.66 0
2651.94 0
2649.24 0
2646.54 0
2643.86 0
2641.2 0
2638.55 0
2635.91 0
2633.28 0
2630.67 0
2628.07 0
2625.49 0
2622.92 0
2620.36 0
2617.81 0
2615.28 0
2612.76 0
2610.25 0
2607.76 0
2605.27 0
2602.81 0
2600.35 0
2597.9 0
2595.47 0
2593.05 0
2590.64 0
2588.25 0
2585.86 0
2583.49 0
2581.13 0
2578.78 0
2576.44 0
2574.12 0
2571.8 0
2569.5 0
2567.21 0
2564.93 0
2562.66 0
2560.4 0
2558.15 0
2555.91 0
2553.69 0
2551.47 0
2549.27 0
2547.08 0
2544.9 0
2542.72 0
2540.56 0
2538.41 0
2536.27 0
2534.14 0
2532.02 0
2529.91 0
2527.81 0
2525.72 0
2523.64 0
2521.57 0
2519.51 0
2517.46 0
2515.42 0
2513.39 0
2511.37 0
2509.36 0
2507.36 0
2505.36 0
2503.38 0
2501.41 0
2499.44 0
2497.49 0
2495.54 0
2493.6 0
2491.68 0
2489.76 0
2487.85 0
2485.95 0
2484.05 0
2482.17 0
2480.3 0
2478.43 0
2476.57 0
2474.72 0
2472.88 0
2471.05 0
2469.23 0
2467.41 0
2465.61 0
2463.81 0
2462.02 0
2460.24 0
2458.46 0
2456.7 0
2454.94 0
2453.19 0
2451.45 0
2449.72 0
2447.99 0
2446.27 0
2444.56 0
2442.86 0
2441.16 0
2439.48 0
2437.8 0
2436.13 0
2434.46 0
2432.81 0
2431.16 0
2429.51 0
2427.88 0
2426.25 0
2424.63 0
2423.02 0
2421.41 0
2419.81 0
2418.22 0
2416.64 0
2415.06 0
2413.49 0
2411.93 0
2410.37 0
2408.82 0
2407.28 0
2405.74 0
2404.21 0
2402.69 0
2401.18 0
2399.67 0
2398.16 0
2396.67 0
2395.18 0
2393.7 0
2392.22 0
2390.75 0
2389.29 0
2387.83 0
2386.38 0
2384.93 0
2383.5 0
2382.06 0
2380.64 0
2379.22 0
2377.81 0
2376.4 0
2375 0
2373.6 0
2372.21 0
2370.83 0
2369.45 0
2368.08 0
2366.71 0
2365.36 0
2364 0
2362.65 0
2361.31 0
2359.97 0
2358.64 0
2357.32 0
2356 0
2354.68 0
2353.38 0
2352.07 0
2350.78 0
2349.48 0
2348.2 0
2346.92 0
2345.64 0
2344.37 0
2343.11 0
2341.85 0
2340.59 0
2339.34 0
2338.1 0
2336.86 0
2335.63 0
2334.4 0
2333.18 0
2331.96 0
2330.75 0
2329.54 0
2328.33 0
2327.14 0
2325.94 0
2324.76 0
2323.57 0
2322.4 0
2321.22 0
2320.05 0
2318.89 0
2317.73 0
2316.58 0
2315.43 0
2314.29 0
2313.15 0
2312.01 0
2310.88 0
2309.76 0
2308.63 0
2307.52 0
2306.41 0
2305.3 0
2304.2 0
2303.1 0
2302 0
2300.91 0
2299.83 0
2298.75 0
2297.67 0
2296.6 0
2295.53 0
2294.47 0
2293.41 0
2292.36 0
2291.31 0
2290.26 0
2289.22 0
2288.18 0
2287.15 0
2286.12 0
2285.1 0
2284.08 0
2283.06 0
2282.05 0
2281.04 0
2280.03 0
2279.03 0
2278.04 0
2277.04 0
2276.06 0
2275.07 0
2274.09 0
2273.11 0
2272.14 0
2271.17 0
2270.21 0
2269.25 0
2268.29 0
2267.34 0
2266.39 0
2265.44 0
2264.5 0
2263.56 0
2262.62 0
2261.69 0
2260.77 0
2259.84 0
2258.92 0
2258.01 0
2257.09 0
2256.18 0
2255.28 0
2254.38 0
2253.48 0
2252.58 0
2251.69 0
2250.8 0
2249.92 0
2249.04 0
2248.16 0
2247.29 0
2246.41 0
2245.55 0
2244.68 0
2243.82 0
2242.97 0
2242.11 0
2241.26 0
2240.41 0
2239.57 0
2238.73 0
2237.89 0
2237.06 0
2236.23 0
2235.4 0
2234.57 0
2233.75 0
2232.93 0
2232.12 0
2231.31 0
2230.5 0
2229.69 0
2228.89 0
2228.09 0
2227.29 0
2226.5 0
2225.71 0
2224.92 0
2224.14 0
2223.36 0
2222.58 0
2221.8 0
2221.03 0
2220.26 0
2219.5 0
2218.73 0
2217.97 0
2217.22 0
2216.46 0
2215.71 0
2214.96 0
2214.21 0
2213.47 0
2212.73 0
2211.99 0
2211.26 0
2210.53 0
2209.8 0
2209.07 0
2208.35 0
2207.63 0
2206.91 0
2206.19 0
2205.48 0
2204.77 0
2204.06 0
2203.36 0
2202.65 0
2201.95 0
2201.26 0
2200.56 0
2199.87 0
2199.18 0
2198.5 0
2197.81 0
2197.13 0
2196.45 0
2195.78 0
2195.1 0
2194.43 0
2193.76 0
2193.1 0
2192.43 0
2191.77 0
2191.11 0
2190.46 0
2189.8 0
2189.15 0
2188.5 0
2187.86 0
2187.21 0
2186.57 0
2185.93 0
2185.29 0
2184.66 0
2184.03 0
2183.4 0
2182.77 0
2182.15 0
2181.52 0
2180.9 0
2180.28 0
2179.67 0
2179.05 0
2178.44 0
2177.83 0
2177.23 0
2176.62 0
2176.02 0
2175.42 0
2174.82 0
2174.23 0
2173.63 0
2173.04 0
2172.45 0
2171.86 0
2171.28 0
2170.7 0
2170.12 0
2169.54 0
2168.96 0
2168.39 0
2167.81 0
2167.24 0
2166.68 0
2166.11 0
2165.55 0
2164.98 0
2164.42 0
2163.87 0
2163.31 0
2162.76 0
2162.21 0
2161.66 0
2161.11 0
2160.56 0
2160.02 0
2159.48 0
2158.94 0
2158.4 0
2157.86 0
2157.33 0
2156.8 0
2156.27 0
2155.74 0
2155.21 0
2154.69 0
2154.17 0
2153.65 0
2153.13 0
2152.61 0
2152.1 0
2151.58 0
2151.07 0
2150.56 0
2150.06 0
2149.55 0
2149.05 0
2148.54 0
2148.04 0
2147.55 0
2147.05 0
2146.55 0
2146.06 0
2145.57 0
2145.08 0
2144.59 0
2144.11 0
2143.62 0
2143.14 0
2142.66 0
2142.18 0
2141.7 0
2141.23 0
2140.75 0
2140.28 0
2139.81 0
2139.34 0
2138.88 0
2138.41 0
2137.95 0
2137.48 0
2137.02 0
2136.56 0
2136.11 0
2135.65 0
2135.2 0
2134.74 0
2134.29 0
2133.84 0
2133.4 0
2132.95 0
2132.51 0
2132.06 0
2131.62 0
2131.18 0
2130.74 0
2130.31 0
2129.87 0
2129.44 0
2129.01 0
2128.58 0
2128.15 0
2127.72 0
2127.29 0
2126.87 0
2126.45 0
2126.03 0
2125.61 0
2125.19 0
2124.77 0
2124.36 0
2123.94 0
2123.53 0
2123.12 0
2122.71 0
2122.3 0
2121.89 0
2121.49 0
2121.08 0
2120.68 0
2120.28 0
2119.88 0
2119.48 0
2119.09 0
2118.69 0
2118.3 0
2117.9 0
2117.51 0
2117.12 0
2116.73 0
2116.35 0
2115.96 0
2115.58 0
2115.19 0
2114.81 0
2114.43 0
2114.05 0
2113.67 0
2113.3 0
2112.92 0
2112.55 0
2112.17 0
2111.8 0
2111.43 0
2111.06 0
2110.7 0
2110.33 0
2109.97 0
2109.6 0
2109.24 0
2108.88 0
2108.52 0
2108.16 0
2107.8 0
2107.45 0
2107.09 0
2106.74 0
2106.39 0
2106.03 0
2105.68 0
2105.34 0
2104.99 0
2104.64 0
2104.3 0
2103.95 0
2103.61 0
2103.27 0
2102.93 0
2102.59 0
2102.25 0
2101.91 0
2101.58 0
2101.24 0
2100.91 0
2100.58 0
2100.25 0
2099.92 0
2099.59 0
2099.26 0
2098.93 0
2098.61 0
2098.28 0
2097.96 0
2097.64 0
2097.32 0
2097 0
2096.68 0
2096.36 0
2096.04 0
2095.73 0
2095.41 0
2095.1 0
2094.79 0
2094.48 0
2094.17 0
2093.86 0
2093.55 0
2093.24 0
2092.94 0
2092.63 0
2092.33 0
2092.03 0
2091.72 0
2091.42 0
2091.12 0
2090.82 0
2090.53 0
2090.23 0
2089.93 0
2089.64 0
2089.35 0
2089.05 0
2088.76 0
2088.47 0
2088.18 0
2087.89 0
2087.61 0
2087.32 0
2087.03 0
2086.75 0
2086.47 0
2086.18 0
2085.9 0
2085.62 0
2085.34 0
2085.06 0
2084.78 0
2084.51 0
2084.23 0
2083.95 0
2083.68 0
2083.41 0
2083.14 0
2082.86 0
2082.59 0
2082.32 0
2082.05 0
2081.79 0
2081.52 0
2081.25 0
2080.99 0
2080.72 0
2080.46 0
2080.2 0
2079.94 0
2079.68 0
2079.42 0
2079.16 0
2078.9 0
2078.64 0
2078.39 0
2078.13 0
2077.88 0
2077.62 0
2077.37 0
2077.12 0
2076.87 0
2076.62 0
2076.37 0
2076.12 0
2075.87 0
2075.63 0
2075.38 0
2075.13 0
2074.89 0
2074.65 0
2074.4 0
2074.16 0
2073.92 0
2073.68 0
2073.44 0
2073.2 0
2072.96 0
2072.73 0
2072.49 0
2072.26 0
2072.02 0
2071.79 0
2071.55 0
2071.32 0
2071.09 0
2070.86 0
2070.63 0
2070.4 0
2070.17 0
2069.94 0
2069.72 0
2069.49 0
2069.27 0
2069.04 0
2068.82 0
2068.59 0
2068.37 0
2068.15 0
2067.93 0
2067.71 0
2067.49 0
2067.27 0
2067.05 0
2066.84 0
2066.62 0
2066.4 0
2066.19 0
2065.97 0
2065.76 0
2065.55 0
2065.33 0
2065.12 0
2064.91 0
2064.7 0
2064.49 0
2064.28 0
2064.08 0
2063.87 0
2063.66 0
2063.46 0
2063.25 0
2063.05 0
2062.84 0
2062.64 0
2062.44 0
2062.24 0
2062.03 0
2061.83 0
2061.63 0
2061.43 0
2061.24 0
2061.04 0
2060.84 0
2060.64 0
2060.45 0
2060.25 0
2060.06 0
2059.86 0
2059.67 0
2059.48 0
2059.29 0
2059.1 0
2058.9 0
2058.71 0
2058.53 0
2058.34 0
2058.15 0
2057.96 0
2057.77 0
2057.59 0
2057.4 0
2057.22 0
2057.03 0
2056.85 0
2056.66 0
2056.48 0
2056.3 0
2056.12 0
2055.94 0
2055.76 0
2055.58 0
2055.4 0
2055.22 0
2055.04 0
2054.87 0
2054.69 0
2054.51 0
2054.34 0
2054.16 0
2053.99 0
2053.81 0
2053.64 0
2053.47 0
2053.3 0
2053.12 0
2052.95 0
2052.78 0
2052.61 0
2052.44 0
2052.27 0
2052.11 0
2051.94 0
2051.77 0
2051.61 0
2051.44 0
2051.27 0
2051.11 0
2050.95 0
2050.78 0
2050.62 0
2050.46 0
2050.29 0
2050.13 0
2049.97 0
2049.81 0
2049.65 0
2049.49 0
2049.33 0
2049.17 0
2049.02 0
2048.86 0
2048.7 0
2048.54 0
2048.39 0
2048.23 0
2048.08 0
2047.92 0
2047.77 0
2047.62 0
2047.46 0
2047.31 0
2047.16 0
2047.01 0
2046.86 0
2046.71 0
2046.56 0
2046.41 0
2046.26 0
2046.11 0
2045.96 0
2045.82 0
2045.67 0
2045.52 0
2045.38 0
2045.23 0
2045.09 0
2044.94 0
2044.8 0
2044.65 0
2044.51 0
2044.37 0
2044.23 0
2044.08 0
2043.94 0
2043.8 0
2043.66 0
2043.52 0
2043.38 0
2043.24 0
2043.1 0
2042.97 0
2042.83 0
2042.69 0
2042.56 0
2042.42 0
2042.28 0
2042.15 0
2042.01 0
2041.88 0
2041.74 0
2041.61 0
2041.48 0
2041.35 0
2041.21 0
2041.08 0
2040.95 0
2040.82 0
2040.69 0
2040.56 0
2040.43 0
2040.3 0
2040.17 0
2040.04 0
2039.91 0
2039.79 0
2039.66 0
2039.53 0
2039.41 0
2039.28 0
2039.15 0
2039.03 0
2038.9 0
2038.78 0
2038.66 0
2038.53 0
2038.41 0
2038.29 0
2038.16 0
2038.04 0
2037.92 0
2037.8 0
2037.68 0
2037.56 0
2037.44 0
2037.32 0
2037.2 0
2037.08 0
2036.96 0
2036.84 0
2036.73 0
2036.61 0
2036.49 0
2036.38 0
2036.26 0
2036.14 0
2036.03 0
2035.91 0
2035.8 0
2035.69 0
2035.57 0
2035.46 0
2035.34 0
2035.23 0
2035.12 0
2035.01 0
2034.9 0
2034.78 0
2034.67 0
2034.56 0
2034.45 0
2034.34 0
2034.23 0
2034.12 0
2034.02 0
2033.91 0
2033.8 0
2033.69 0
2033.58 0
2033.48 0
2033.37 0
2033.26 0
2033.16 0
2033.05 0
2032.95 0
2032.84 0
2032.74 0
2032.63 0
2032.53 0
2032.43 0
2032.32 0
2032.22 0
2032.12 0
2032.01 0
2031.91 0
2031.81 0
2031.71 0
2031.61 0
2031.51 0
2031.41 0
2031.31 0
2031.21 0
2031.11 0
2031.01 0
2030.91 0
2030.81 0
2030.71 0
2030.62 0
2030.52 0
2030.42 0
2030.32 0
2030.23 0
2030.13 0
2030.04 0
2029.94 0
2029.85 0
2029.75 0
2029.66 0
2029.56 0
2029.47 0
2029.37 0
2029.28 0
2029.19 0
2029.09 0
2029 0
2028.91 0
2028.82 0
2028.73 0
2028.63 0
2028.54 0
2028.45 0
2028.36 0
2028.27 0
2028.18 0
2028.09 0
2028 0
2027.91 0
2027.83 0
2027.74 0
2027.65 0
2027.56 0
2027.47 0
2027.39 0
2027.3 0
2027.21 0
2027.13 0
2027.04 0
2026.95 0
2026.87 0
2026.78 0
2026.7 0
2026.61 0
2026.53 0
2026.44 0
2026.36 0
2026.28 0
2026.19 0
2026.11 0
2026.03 0
2025.94 0
2025.86 0
2025.78 0
2025.7 0
2025.62 0
2025.53 0
2025.45 0
2025.37 0
2025.29 0
2025.21 0
2025.13 0
2025.05 0
2024.97 0
2024.89 0
2024.81 0
2024.74 0
2024.66 0
2024.58 0
2024.5 0
2024.42 0
2024.35 0
2024.27 0
2024.19 0
2024.11 0
2024.04 0
2023.96 0
2023.89 0
2023.81 0
2023.73 0
2023.66 0
2023.58 0
2023.51 0
2023.43 0
2023.36 0
2023.29 0
2023.21 0
2023.14 0
2023.07 0
2022.99 0
2022.92 0
2022.85 0
2022.77 0
2022.7 0
2022.63 0
2022.56 0
2022.49 0
2022.42 0
2022.34 0
2022.27 0
2022.2 0
2022.13 0
2022.06 0
2021.99 0
2021.92 0
2021.85 0
2021.78 0
2021.72 0
2021.65 0
2021.58 0
2021.51 0
2021.44 0
2021.37 0
2021.31 0
2021.24 0
2021.17 0
2021.1 0
2021.04 0
2020.97 0
2020.9 0
2020.84 0
2020.77 0
2020.71 0
2020.64 0
2020.57 0
2020.51 0
2020.44 0
2020.38 0
2020.32 0
2020.25 0
2020.19 0
2020.12 0
2020.06 0
2020 0
2019.93 0
2019.87 0
2019.81 0
2019.74 0
2019.68 0
2019.62 0
2019.56 0
2019.49 0
2019.43 0
2019.37 0
2019.31 0
2019.25 0
2019.19 0
2019.13 0
2019.07 0
2019.01 0
2018.95 0
2018.89 0
2018.83 0
2018.77 0
2018.71 0
2018.65 0
2018.59 0
2018.53 0
2018.47 0
2018.41 0
2018.36 0
2018.3 0
2018.24 0
2018.18 0
2018.12 0
2018.07 0
2018.01 0
2017.95 0
2017.9 0
2017.84 0
2017.78 0
2017.73 0
2017.67 0
2017.61 0
2017.56 0
2017.5 0
2017.45 0
2017.39 0
2017.34 0
2017.28 0
2017.23 0
2017.17 0
2017.12 0
2017.07 0
2017.01 0
2016.96 0
2016.9 0
2016.85 0
2016.8 0
2016.74 0
2016.69 0
2016.64 0
2016.59 0
2016.53 0
2016.48 0
2016.43 0
2016.38 0
2016.33 0
2016.27 0
2016.22 0
2016.17 0
2016.12 0
2016.07 0
2016.02 0
2015.97 0
2015.92 0
2015.87 0
2015.82 0
2015.77 0
2015.72 0
2015.67 0
2015.62 0
2015.57 0
2015.52 0
2015.47 0
2015.42 0
2015.37 0
2015.32 0
2015.28 0
2015.23 0
2015.18 0
2015.13 0
2015.08 0
2015.04 0
2014.99 0
2014.94 0
2014.89 0
2014.85 0
2014.8 0
2014.75 0
2014.71 0
2014.66 0
2014.61 0
2014.57 0
2014.52 0
2014.48 0
2014.43 0
2014.38 0
2014.34 0
2014.29 0
2014.25 0
2014.2 0
2014.16 0
2014.11 0
2014.07 0
2014.03 0
2013.98 0
2013.94 0
2013.89 0
2013.85 0
2013.81 0
2013.76 0
2013.72 0
2013.68 0
2013.63 0
2013.59 0
2013.55 0
2013.5 0
2013.46 0
2013.42 0
2013.38 0
2013.33 0
2013.29 0
2013.25 0
2013.21 0
2013.17 0
2013.12 0
2013.08 0
2013.04 0
2013 0
2012.96 0
2012.92 0
2012.88 0
2012.84 0
2012.8 0
2012.76 0
2012.72 0
2012.68 0
2012.64 0
2012.6 0
2012.56 0
2012.52 0
2012.48 0
2012.44 0
2012.4 0
2012.36 0
2012.32 0
2012.28 0
2012.24 0
2012.2 0
2012.17 0
2012.13 0
2012.09 0
2012.05 0
2012.01 0
2011.98 0
2011.94 0
2011.9 0
2011.86 0
2011.83 0
2011.79 0
2011.75 0
2011.71 0
2011.68 0
2011.64 0
2011.6 0
2011.57 0
2011.53 0
2011.49 0
2011.46 0
2011.42 0
2011.39 0
2011.35 0
2011.31 0
2011.28 0
2011.24 0
2011.21 0
2011.17 0
2011.14 0
2011.1 0
2011.07 0
2011.03 0
2011 0
2010.96 0
2010.93 0
2010.89 0
2010.86 0
2010.82 0
2010.79 0
2010.76 0
2010.72 0
2010.69 0
2010.65 0
2010.62 0
2010.59 0
2010.55 0
2010.52 0
2010.49 0
2010.45 0
2010.42 0
2010.39 0
2010.36 0
2010.32 0
2010.29 0
2010.26 0
2010.23 0
2010.19 0
2010.16 0
2010.13 0
2010.1 0
2010.07 0
2010.03 0
2010 0
2009.97 0
2009.94 0
2009.91 0
2009.88 0
2009.85 0
2009.82 0
2009.78 0
2009.75 0
2009.72 0
2009.69 0
2009.66 0
2009.63 0
2009.6 0
2009.57 0
2009.54 0
2009.51 0
2009.48 0
2009.45 0
2009.42 0
2009.39 0
2009.36 0
2009.33 0
2009.3 0
2009.27 0
2009.24 0
2009.22 0
2009.19 0
2009.16 0
2009.13 0
2009.1 0
2009.07 0
2009.04 0
2009.01 0
2008.99 0
2008.96 0
2008.93 0
2008.9 0
2008.87 0
2008.85 0
2008.82 0
2008.79 0
2008.76 0
2008.73 0
2008.71 0
2008.68 0
2008.65 0
2008.62 0
2008.6 0
2008.57 0
2008.54 0
2008.52 0
2008.49 0
2008.46 0
2008.44 0
2008.41 0
2008.38 0
2008.36 0
2008.33 0
2008.3 0
2008.28 0
2008.25 0
2008.23 0
2008.2 0
2008.17 0
2008.15 0
2008.12 0
2008.1 0
2008.07 0
2008.05 0
2008.02 0
2008 0
2007.97 0
2007.95 0
2007.92 0
2007.9 0
2007.87 0
2007.85 0
2007.82 0
2007.8 0
2007.77 0
2007.75 0
2007.72 0
2007.7 0
2007.68 0
2007.65 0
2007.63 0
2007.6 0
2007.58 0
2007.56 0
2007.53 0
2007.51 0
2007.48 0
2007.46 0
2007.44 0
2007.41 0
2007.39 0
2007.37 0
2007.34 0
2007.32 0
2007.3 0
2007.27 0
2007.25 0
2007.23 0
2007.21 0
2007.18 0
2007.16 0
2007.14 0
2007.12 0
2007.09 0
2007.07 0
2007.05 0
2007.03 0
2007 0
2006.98 0
2006.96 0
2006.94 0
2006.92 0
2006.9 0
2006.87 0
2006.85 0
2006.83 0
2006.81 0
2006.79 0
2006.77 0
2006.74 0
2006.72 0
2006.7 0
2006.68 0
2006.66 0
2006.64 0
2006.62 0
2006.6 0
2006.58 0
2006.56 0
2006.54 0
2006.52 0
2006.49 0
2006.47 0
2006.45 0
2006.43 0
2006.41 0
2006.39 0
2006.37 0
2006.35 0
2006.33 0
2006.31 0
2006.29 0
2006.27 0
2006.25 0
2006.23 0
2006.21 0
2006.19 0
2006.18 0
2006.16 0
2006.14 0
2006.12 0
2006.1 0
2006.08 0
2006.06 0
2006.04 0
2006.02 0
2006 0
2005.98 0
2005.97 0
2005.95 0
2005.93 0
2005.91 0
2005.89 0
2005.87 0
2005.85 0
2005.83 0
2005.82 0
2005.8 0
2005.78 0
2005.76 0
2005.74 0
2005.73 0
2005.71 0
2005.69 0
2005.67 0
2005.65 0
2005.64 0
2005.62 0
2005.6 0
2005.58 0
2005.57 0
2005.55 0
2005.53 0
2005.51 0
2005.5 0
2005.48 0
2005.46 0
2005.44 0
2005.43 0
2005.41 0
2005.39 0
2005.38 0
2005.36 0
2005.34 0
2005.33 0
2005.31 0
2005.29 0
2005.28 0
2005.26 0
2005.24 0
2005.23 0
2005.21 0
2005.19 0
2005.18 0
2005.16 0
2005.14 0
2005.13 0
2005.11 0
2005.1 0
2005.08 0
2005.06 0
2005.05 0
2005.03 0
2005.02 0
2005 0
2004.99 0
2004.97 0
2004.95 0
2004.94 0
2004.92 0
2004.91 0
2004.89 0
2004.88 0
2004.86 0
2004.85 0
2004.83 0
2004.82 0
2004.8 0
2004.79 0
2004.77 0
2004.76 0
2004.74 0
2004.73 0
2004.71 0
2004.7 0
2004.68 0
2004.67 0
2004.65 0
2004.64 0
2004.62 0
2004.61 0
2004.59 0
2004.58 0
2004.56 0
2004.55 0
2004.54 0
2004.52 0
2004.51 0
2004.49 0
2004.48 0
2004.47 0
2004.45 0
2004.44 0
2004.42 0
2004.41 0
2004.4 0
2004.38 0
2004.37 0
2004.35 0
2004.34 0
2004.33 0
2004.31 0
2004.3 0
2004.29 0
2004.27 0
2004.26 0
2004.25 0
2004.23 0
2004.22 0
2004.21 0
2004.19 0
2004.18 0
2004.17 0
2004.15 0
2004.14 0
2004.13 0
2004.11 0
2004.1 0
2004.09 0
2004.08 0
2004.06 0
2004.05 0
2004.04 0
2004.02 0
2004.01 0
2004 0
2003.99 0
2003.97 0
2003.96 0
2003.95 0
2003.94 0
2003.92 0
2003.91 0
2003.9 0
2003.89 0
2003.88 0
2003.86 0
2003.85 0
2003.84 0
2003.83 0
2003.82 0
2003.8 0
2003.79 0
2003.78 0
2003.77 0
2003.76 0
