4001 0
4004.99 -6.28946
4008.96 -12.5914
4012.91 -18.9058
4016.84 -25.2326
4020.75 -31.5716
4024.64 -37.9229
4028.51 -44.2865
4032.36 -50.6621
4036.19 -57.0498
4040 -63.4494
4043.79 -69.861
4047.56 -76.2845
4051.31 -82.7198
4055.04 -89.1668
4058.75 -95.6254
4062.43 -102.096
4066.1 -108.578
4069.75 -115.071
4073.37 -121.575
4076.98 -128.091
4080.56 -134.619
4084.12 -141.157
4087.66 -147.707
4091.18 -154.268
4094.68 -160.839
4098.16 -167.422
4101.62 -174.016
4105.05 -180.62
4108.47 -187.235
4111.86 -193.861
4115.23 -200.497
4118.58 -207.144
4121.91 -213.801
4125.22 -220.469
4128.51 -227.147
4131.77 -233.835
4135.01 -240.533
4138.23 -247.242
4141.43 -253.96
4144.61 -260.689
4147.76 -267.427
4150.89 -274.175
4154.01 -280.933
4157.09 -287.701
4160.16 -294.478
4163.2 -301.265
4166.23 -308.061
4169.23 -314.867
4172.2 -321.682
4175.16 -328.506
4178.09 -335.339
4181 -342.182
4183.89 -349.033
4186.75 -355.893
4189.6 -362.763
4192.42 -369.641
4195.21 -376.528
4197.99 -383.423
4200.74 -390.327
4203.47 -397.24
4206.17 -404.16
4208.86 -411.09
4211.52 -418.027
4214.15 -424.973
4216.77 -431.927
4219.36 -438.889
4221.93 -445.858
4224.47 -452.836
4226.99 -459.822
4229.49 -466.815
4231.96 -473.816
4234.41 -480.824
4236.84 -487.84
4239.25 -494.864
4241.63 -501.895
4243.98 -508.933
4246.32 -515.978
4248.63 -523.03
4250.91 -530.09
4253.18 -537.156
4255.41 -544.229
4257.63 -551.309
4259.82 -558.396
4261.99 -565.489
4264.13 -572.589
4266.25 -579.695
4268.35 -586.808
4270.42 -593.927
4272.46 -601.052
4274.49 -608.184
4276.49 -615.321
4278.46 -622.465
4280.41 -629.614
4282.34 -636.769
4284.24 -643.93
4286.12 -651.097
4287.97 -658.269
4289.8 -665.446
4291.6 -672.629
4293.38 -679.818
4295.14 -687.011
4296.87 -694.21
4298.57 -701.414
4300.26 -708.623
4301.91 -715.837
4303.54 -723.055
4305.15 -730.278
4306.74 -737.506
4308.29 -744.739
4309.83 -751.976
4311.33 -759.217
4312.82 -766.463
4314.28 -773.713
4315.71 -780.967
4317.12 -788.226
4318.5 -795.488
4319.86 -802.754
4321.19 -810.024
4322.5 -817.297
4323.78 -824.575
4325.04 -831.855
4326.28 -839.14
4327.48 -846.427
4328.66 -853.718
4329.82 -861.012
4330.95 -868.309
4332.06 -875.61
4333.14 -882.913
4334.2 -890.219
4335.23 -897.528
4336.23 -904.839
4337.21 -912.153
4338.16 -919.47
4339.09 -926.789
4339.99 -934.11
4340.87 -941.434
4341.72 -948.76
4342.55 -956.087
4343.35 -963.417
4344.12 -970.749
4344.87 -978.082
4345.6 -985.417
4346.29 -992.754
4346.96 -1000.09
4347.61 -1007.43
4348.23 -1014.77
4348.82 -1022.12
4349.39 -1029.46
4349.94 -1036.8
4350.45 -1044.15
4350.94 -1051.5
4351.41 -1058.84
4351.85 -1066.19
4352.26 -1073.54
4352.65 -1080.89
4353.01 -1088.24
4353.34 -1095.59
4353.65 -1102.94
4353.93 -1110.29
4354.19 -1117.64
4354.42 -1124.99
4354.62 -1132.34
4354.8 -1139.69
4354.95 -1147.04
4355.08 -1154.39
4355.18 -1161.74
4355.25 -1169.09
4355.3 -1176.43
4355.32 -1183.78
4355.32 -1191.13
4355.28 -1198.47
4355.23 -1205.82
4355.14 -1213.16
4355.03 -1220.5
4354.89 -1227.84
4354.73 -1235.18
4354.54 -1242.52
4354.33 -1249.86
4354.08 -1257.19
4353.82 -1264.52
4353.52 -1271.85
4353.2 -1279.18
4352.85 -1286.51
4352.48 -1293.83
4352.08 -1301.16
4351.65 -1308.48
4351.2 -1315.8
4350.72 -1323.11
4350.21 -1330.42
4349.68 -1337.73
4349.12 -1345.04
4348.53 -1352.34
4347.92 -1359.65
4347.28 -1366.94
4346.62 -1374.24
4345.93 -1381.53
4345.21 -1388.82
4344.46 -1396.1
4343.69 -1403.38
4342.89 -1410.66
4342.07 -1417.94
4341.22 -1425.21
4340.34 -1432.47
4339.44 -1439.73
4338.51 -1446.99
4337.55 -1454.25
4336.56 -1461.5
4335.55 -1468.74
4334.52 -1475.98
4333.45 -1483.22
4332.36 -1490.45
4331.25 -1497.67
4330.11 -1504.9
4328.94 -1512.11
4327.74 -1519.32
4326.52 -1526.53
4325.27 -1533.73
4323.99 -1540.93
4322.69 -1548.12
4321.36 -1555.3
4320 -1562.48
4318.62 -1569.65
4317.21 -1576.82
4315.78 -1583.98
4314.32 -1591.14
4312.83 -1598.29
4311.31 -1605.43
4309.77 -1612.57
4308.21 -1619.7
4306.61 -1626.82
4304.99 -1633.94
4303.34 -1641.05
4301.67 -1648.15
4299.97 -1655.25
4298.24 -1662.34
4296.49 -1669.42
4294.71 -1676.5
4292.9 -1683.57
4291.07 -1690.63
4289.21 -1697.68
4287.33 -1704.73
4285.41 -1711.76
4283.48 -1718.79
4281.51 -1725.82
4279.52 -1732.83
4277.5 -1739.84
4275.46 -1746.84
4273.39 -1753.83
4271.29 -1760.81
4269.17 -1767.78
4267.02 -1774.74
4264.84 -1781.7
4262.64 -1788.65
4260.41 -1795.59
4258.16 -1802.52
4255.88 -1809.44
4253.57 -1816.35
4251.24 -1823.25
4248.88 -1830.14
4246.49 -1837.03
4244.08 -1843.9
4241.64 -1850.76
4239.18 -1857.62
4236.69 -1864.46
4234.17 -1871.3
4231.63 -1878.12
4229.06 -1884.94
4226.47 -1891.74
4223.85 -1898.54
4221.2 -1905.32
4218.53 -1912.09
4215.83 -1918.86
4213.11 -1925.61
4210.36 -1932.35
4207.58 -1939.08
4204.78 -1945.8
4201.95 -1952.51
4199.1 -1959.21
4196.22 -1965.89
4193.31 -1972.57
4190.38 -1979.23
4187.42 -1985.88
4184.44 -1992.52
4181.43 -1999.15
4178.4 -2005.77
4175.34 -2012.37
4172.25 -2018.96
4169.14 -2025.55
4166 -2032.11
4162.84 -2038.67
4159.65 -2045.21
4156.44 -2051.74
4153.2 -2058.26
4149.94 -2064.77
4146.65 -2071.26
4143.33 -2077.74
4139.99 -2084.21
4136.63 -2090.66
4133.24 -2097.11
4129.82 -2103.53
4126.38 -2109.95
4122.91 -2116.35
4119.42 -2122.74
4115.9 -2129.11
4112.36 -2135.47
4108.79 -2141.82
4105.2 -2148.15
4101.58 -2154.47
4097.94 -2160.77
4094.28 -2167.06
4090.58 -2173.34
4086.87 -2179.6
4083.12 -2185.84
4079.36 -2192.08
4075.57 -2198.29
4071.75 -2204.5
4067.91 -2210.69
4064.04 -2216.86
4060.15 -2223.02
4056.24 -2229.16
4052.3 -2235.29
4048.34 -2241.4
4044.35 -2247.5
4040.33 -2253.58
4036.3 -2259.64
4032.24 -2265.69
4028.15 -2271.73
4024.04 -2277.74
4019.9 -2283.75
4015.75 -2289.73
4011.56 -2295.7
4007.36 -2301.66
4003.12 -2307.59
3998.87 -2313.51
3994.59 -2319.42
3990.29 -2325.31
3985.96 -2331.18
3981.61 -2337.03
3977.23 -2342.87
3972.84 -2348.69
3968.41 -2354.49
3963.97 -2360.28
3959.5 -2366.05
3955 -2371.8
3950.49 -2377.53
3945.95 -2383.25
3941.38 -2388.95
3936.8 -2394.63
3932.18 -2400.29
3927.55 -2405.93
3922.89 -2411.56
3918.21 -2417.17
3913.51 -2422.76
3908.78 -2428.33
3904.03 -2433.89
3899.26 -2439.42
3894.46 -2444.94
3889.64 -2450.44
3884.8 -2455.92
3879.94 -2461.38
3875.05 -2466.82
3870.14 -2472.24
3865.21 -2477.65
3860.25 -2483.03
3855.27 -2488.4
3850.27 -2493.74
3845.25 -2499.07
3840.2 -2504.38
3835.13 -2509.66
3830.04 -2514.93
3824.93 -2520.18
3819.8 -2525.41
3814.64 -2530.62
3809.46 -2535.8
3804.26 -2540.97
3799.04 -2546.12
3793.79 -2551.25
3788.52 -2556.35
3783.23 -2561.44
3777.92 -2566.51
3772.59 -2571.55
3767.24 -2576.58
3761.86 -2581.58
3756.46 -2586.56
3751.05 -2591.52
3745.61 -2596.46
3740.14 -2601.38
3734.66 -2606.28
3729.16 -2611.16
3723.63 -2616.01
3718.09 -2620.85
3712.52 -2625.66
3706.93 -2630.45
3701.32 -2635.22
3695.69 -2639.96
3690.04 -2644.69
3684.37 -2649.39
3678.68 -2654.07
3672.96 -2658.73
3667.23 -2663.37
3661.48 -2667.98
3655.7 -2672.57
3649.91 -2677.14
3644.09 -2681.68
3638.26 -2686.21
3632.4 -2690.71
3626.52 -2695.19
3620.63 -2699.64
3614.71 -2704.07
3608.78 -2708.48
3602.82 -2712.87
3596.85 -2717.23
3590.85 -2721.57
3584.84 -2725.88
3578.8 -2730.17
3572.75 -2734.44
3566.68 -2738.69
3560.58 -2742.91
3554.47 -2747.11
3548.34 -2751.28
3542.19 -2755.43
3536.02 -2759.55
3529.84 -2763.65
3523.63 -2767.73
3517.4 -2771.78
3511.16 -2775.81
3504.89 -2779.81
3498.61 -2783.79
3492.31 -2787.75
3485.99 -2791.68
3479.66 -2795.58
3473.3 -2799.46
3466.93 -2803.32
3460.53 -2807.15
3454.12 -2810.95
3447.69 -2814.73
3441.25 -2818.48
3434.78 -2822.21
3428.3 -2825.92
3421.8 -2829.6
3415.28 -2833.25
3408.75 -2836.88
3402.19 -2840.48
3395.62 -2844.05
3389.04 -2847.6
3382.43 -2851.13
3375.81 -2854.63
3369.17 -2858.1
3362.51 -2861.54
3355.84 -2864.96
3349.15 -2868.36
3342.44 -2871.72
3335.72 -2875.06
3328.98 -2878.38
3322.22 -2881.67
3315.45 -2884.93
3308.66 -2888.16
3301.85 -2891.37
3295.03 -2894.55
3288.19 -2897.7
3281.34 -2900.83
3274.47 -2903.93
3267.58 -2907
3260.68 -2910.05
3253.76 -2913.06
3246.82 -2916.05
3239.87 -2919.02
3232.91 -2921.95
3225.93 -2924.86
3218.93 -2927.74
3211.92 -2930.6
3204.9 -2933.42
3197.85 -2936.22
3190.8 -2938.99
3183.73 -2941.73
3176.64 -2944.44
3169.54 -2947.13
3162.42 -2949.79
3155.29 -2952.42
3148.15 -2955.02
3140.99 -2957.59
3133.82 -2960.13
3126.63 -2962.65
3119.43 -2965.14
3112.21 -2967.59
3104.98 -2970.02
3097.74 -2972.43
3090.48 -2974.8
3083.21 -2977.14
3075.93 -2979.46
3068.63 -2981.74
3061.32 -2984
3053.99 -2986.23
3046.66 -2988.42
3039.3 -2990.59
3031.94 -2992.73
3024.56 -2994.84
3017.17 -2996.93
3009.77 -2998.98
3002.36 -3001
2994.93 -3002.99
2987.49 -3004.95
2980.03 -3006.89
2972.57 -3008.79
2965.09 -3010.67
2957.6 -3012.51
2950.1 -3014.32
2942.59 -3016.11
2935.06 -3017.86
2927.53 -3019.58
2919.98 -3021.28
2912.42 -3022.94
2904.85 -3024.57
2897.26 -3026.18
2889.67 -3027.75
2882.06 -3029.29
2874.45 -3030.8
2866.82 -3032.28
2859.18 -3033.73
2851.53 -3035.15
2843.87 -3036.54
2836.2 -3037.9
2828.52 -3039.23
2820.83 -3040.53
2813.13 -3041.79
2805.42 -3043.03
2797.7 -3044.23
2789.96 -3045.4
2782.22 -3046.54
2774.47 -3047.65
2766.71 -3048.73
2758.94 -3049.78
2751.16 -3050.8
2743.37 -3051.78
2735.57 -3052.74
2727.76 -3053.66
2719.94 -3054.55
2712.12 -3055.41
2704.28 -3056.24
2696.44 -3057.03
2688.59 -3057.8
2680.73 -3058.53
2672.86 -3059.23
2664.98 -3059.9
2657.09 -3060.53
2649.2 -3061.14
2641.3 -3061.71
2633.39 -3062.25
2625.47 -3062.76
2617.54 -3063.24
2609.61 -3063.68
2601.67 -3064.1
2593.72 -3064.48
2585.76 -3064.82
2577.8 -3065.14
2569.83 -3065.42
2561.85 -3065.67
2553.87 -3065.89
2545.88 -3066.08
2537.88 -3066.23
2529.87 -3066.35
2521.86 -3066.44
2513.85 -3066.5
2505.82 -3066.52
2497.79 -3066.51
2489.76 -3066.47
2481.72 -3066.39
2473.67 -3066.28
2465.61 -3066.14
2457.56 -3065.97
2449.49 -3065.76
2441.42 -3065.52
2433.35 -3065.25
2425.27 -3064.94
2417.18 -3064.6
2409.09 -3064.23
2400.99 -3063.82
2392.89 -3063.38
2384.79 -3062.91
2376.68 -3062.41
2368.57 -3061.87
2360.45 -3061.3
2352.33 -3060.69
2344.2 -3060.05
2336.07 -3059.38
2327.93 -3058.67
2319.8 -3057.93
2311.65 -3057.16
2303.51 -3056.35
2295.36 -3055.51
2287.21 -3054.64
2279.05 -3053.73
2270.89 -3052.79
2262.73 -3051.82
2254.57 -3050.81
2246.4 -3049.77
2238.23 -3048.69
2230.06 -3047.58
2221.88 -3046.44
2213.7 -3045.26
2205.53 -3044.05
2197.34 -3042.81
2189.16 -3041.53
2180.97 -3040.21
2172.79 -3038.87
2164.6 -3037.49
2156.41 -3036.07
2148.22 -3034.62
2140.02 -3033.14
2131.83 -3031.62
2123.63 -3030.07
2115.44 -3028.48
2107.24 -3026.86
2099.04 -3025.21
2090.84 -3023.52
2082.64 -3021.8
2074.44 -3020.04
2066.24 -3018.25
2058.04 -3016.43
2049.84 -3014.57
2041.64 -3012.67
2033.44 -3010.74
2025.24 -3008.78
2017.04 -3006.78
2008.84 -3004.75
2000.65 -3002.69
1992.45 -3000.59
1984.25 -2998.45
1976.06 -2996.28
1967.86 -2994.08
1959.67 -2991.84
1951.48 -2989.57
1943.29 -2987.26
1935.1 -2984.92
1926.91 -2982.54
1918.72 -2980.13
1910.54 -2977.68
1902.36 -2975.2
1894.18 -2972.69
1886 -2970.14
1877.83 -2967.56
1869.65 -2964.94
1861.48 -2962.28
1853.32 -2959.6
1845.15 -2956.87
1836.99 -2954.12
1828.83 -2951.32
1820.68 -2948.5
1812.53 -2945.64
1804.38 -2942.74
1796.24 -2939.81
1788.09 -2936.84
1779.96 -2933.84
1771.82 -2930.81
1763.69 -2927.74
1755.57 -2924.64
1747.45 -2921.5
1739.33 -2918.32
1731.22 -2915.11
1723.11 -2911.87
1715.01 -2908.59
1706.91 -2905.28
1698.82 -2901.93
1690.73 -2898.55
1682.65 -2895.13
1674.57 -2891.68
1666.5 -2888.19
1658.43 -2884.67
1650.37 -2881.12
1642.32 -2877.53
1634.27 -2873.9
1626.23 -2870.24
1618.19 -2866.55
1610.16 -2862.82
1602.14 -2859.05
1594.12 -2855.25
1586.11 -2851.42
1578.1 -2847.55
1570.11 -2843.65
1562.12 -2839.71
1554.13 -2835.73
1546.16 -2831.73
1538.19 -2827.68
1530.23 -2823.61
1522.28 -2819.5
1514.33 -2815.35
1506.39 -2811.17
1498.46 -2806.95
1490.54 -2802.7
1482.63 -2798.42
1474.72 -2794.1
1466.82 -2789.74
1458.94 -2785.35
1451.06 -2780.93
1443.19 -2776.47
1435.32 -2771.98
1427.47 -2767.45
1419.63 -2762.89
1411.79 -2758.29
1403.97 -2753.66
1396.15 -2749
1388.35 -2744.3
1380.55 -2739.56
1372.76 -2734.79
1364.99 -2729.99
1357.22 -2725.15
1349.46 -2720.28
1341.72 -2715.37
1333.98 -2710.43
1326.26 -2705.46
1318.55 -2700.45
1310.84 -2695.4
1303.15 -2690.32
1295.47 -2685.21
1287.8 -2680.06
1280.14 -2674.88
1272.49 -2669.67
1264.86 -2664.42
1257.23 -2659.13
1249.62 -2653.81
1242.02 -2648.46
1234.43 -2643.07
1226.86 -2637.65
1219.29 -2632.2
1211.74 -2626.71
1204.2 -2621.19
1196.68 -2615.63
1189.16 -2610.04
1181.66 -2604.41
1174.18 -2598.76
1166.7 -2593.06
1159.24 -2587.34
1151.79 -2581.58
1144.36 -2575.78
1136.94 -2569.95
1129.53 -2564.09
1122.14 -2558.2
1114.76 -2552.27
1107.39 -2546.3
1100.04 -2540.31
1092.7 -2534.28
1085.38 -2528.21
1078.07 -2522.11
1070.78 -2515.98
1063.5 -2509.82
1056.24 -2503.62
1048.99 -2497.39
1041.76 -2491.12
1034.54 -2484.83
1027.34 -2478.49
1020.15 -2472.13
1012.98 -2465.73
1005.82 -2459.3
998.681 -2452.83
991.557 -2446.34
984.448 -2439.81
977.357 -2433.24
970.281 -2426.64
963.222 -2420.01
956.179 -2413.35
949.153 -2406.66
942.144 -2399.93
935.152 -2393.16
928.177 -2386.37
921.219 -2379.54
914.278 -2372.68
907.354 -2365.79
900.448 -2358.86
893.56 -2351.91
886.69 -2344.91
879.837 -2337.89
873.002 -2330.84
866.185 -2323.75
859.387 -2316.63
852.606 -2309.47
845.845 -2302.29
839.101 -2295.07
832.377 -2287.82
825.671 -2280.54
818.984 -2273.23
812.316 -2265.88
805.667 -2258.5
799.038 -2251.09
792.428 -2243.65
785.837 -2236.17
779.266 -2228.67
772.714 -2221.13
766.183 -2213.56
759.671 -2205.96
753.179 -2198.33
746.708 -2190.66
740.257 -2182.97
733.826 -2175.24
727.415 -2167.48
721.026 -2159.69
714.657 -2151.87
708.309 -2144.02
701.982 -2136.13
695.675 -2128.22
689.391 -2120.27
683.127 -2112.29
676.885 -2104.29
670.664 -2096.25
664.465 -2088.18
658.288 -2080.08
652.133 -2071.94
645.999 -2063.78
639.888 -2055.59
633.799 -2047.37
627.732 -2039.11
621.688 -2030.83
615.666 -2022.51
609.667 -2014.17
603.69 -2005.79
597.737 -1997.38
591.806 -1988.95
585.899 -1980.48
580.015 -1971.98
574.154 -1963.46
568.316 -1954.9
562.502 -1946.32
556.712 -1937.7
550.946 -1929.05
545.203 -1920.38
539.484 -1911.67
533.79 -1902.94
528.119 -1894.17
522.473 -1885.38
516.852 -1876.56
511.255 -1867.71
505.682 -1858.82
500.134 -1849.91
494.612 -1840.97
489.114 -1832.01
483.641 -1823.01
478.193 -1813.98
472.771 -1804.93
467.374 -1795.84
462.002 -1786.73
456.657 -1777.59
451.336 -1768.42
446.042 -1759.22
440.774 -1749.99
435.531 -1740.74
430.315 -1731.45
425.125 -1722.14
419.962 -1712.8
414.825 -1703.44
409.714 -1694.04
404.63 -1684.62
399.573 -1675.17
394.543 -1665.69
389.539 -1656.18
384.563 -1646.65
379.614 -1637.09
374.693 -1627.5
369.798 -1617.88
364.931 -1608.24
360.092 -1598.57
355.281 -1588.87
350.497 -1579.14
345.741 -1569.39
341.014 -1559.61
336.314 -1549.81
331.643 -1539.98
327 -1530.12
322.385 -1520.23
317.799 -1510.32
313.241 -1500.38
308.713 -1490.42
304.213 -1480.43
299.742 -1470.41
295.3 -1460.37
290.887 -1450.3
286.503 -1440.2
282.149 -1430.08
277.824 -1419.94
273.529 -1409.77
269.263 -1399.57
265.027 -1389.35
260.821 -1379.1
256.644 -1368.82
252.498 -1358.53
248.382 -1348.2
244.296 -1337.85
240.24 -1327.48
236.215 -1317.08
232.22 -1306.66
228.256 -1296.21
224.323 -1285.74
220.42 -1275.24
216.548 -1264.72
212.708 -1254.17
208.898 -1243.6
205.119 -1233.01
201.372 -1222.39
197.656 -1211.75
193.972 -1201.08
190.319 -1190.39
186.697 -1179.68
183.108 -1168.94
179.55 -1158.18
176.024 -1147.4
172.53 -1136.59
169.069 -1125.76
165.639 -1114.91
162.242 -1104.03
158.877 -1093.13
155.545 -1082.21
152.245 -1071.27
148.977 -1060.3
145.743 -1049.31
142.541 -1038.3
139.372 -1027.26
136.237 -1016.21
133.134 -1005.13
130.064 -994.025
127.028 -982.902
124.025 -971.757
121.056 -960.591
118.12 -949.402
115.217 -938.193
112.349 -926.961
109.514 -915.709
106.713 -904.435
103.946 -893.14
101.213 -881.825
98.5141 -870.488
95.8495 -859.13
93.2192 -847.752
90.6232 -836.353
88.0617 -824.934
85.5348 -813.494
83.0425 -802.034
80.5849 -790.553
78.1621 -779.053
75.7742 -767.532
73.4213 -755.992
71.1034 -744.432
68.8206 -732.852
66.573 -721.253
64.3607 -709.634
62.1838 -697.996
60.0423 -686.339
57.9364 -674.662
55.866 -662.967
53.8314 -651.252
51.8325 -639.519
49.8694 -627.767
47.9423 -615.997
46.0511 -604.208
44.1961 -592.401
42.3771 -580.575
40.5945 -568.731
38.8481 -556.87
37.1381 -544.99
35.4645 -533.092
33.8275 -521.177
32.2271 -509.244
30.6634 -497.294
29.1364 -485.327
27.6462 -473.342
26.193 -461.34
24.7767 -449.321
23.3975 -437.285
22.0554 -425.232
20.7505 -413.163
19.4829 -401.077
18.2526 -388.974
17.0597 -376.856
15.9042 -364.721
14.7864 -352.57
13.7061 -340.403
12.6636 -328.22
11.6588 -316.021
10.6918 -303.807
9.76269 -291.577
8.87156 -279.332
8.01847 -267.071
7.20348 -254.795
6.42665 -242.505
5.68806 -230.199
4.98776 -217.879
4.32583 -205.543
3.70233 -193.194
3.11732 -180.83
2.57088 -168.451
2.06306 -156.058
1.59393 -143.652
1.16355 -131.231
0.771988 -118.796
0.419306 -106.348
0.105565 -93.8858
-0.169172 -81.4104
-0.404843 -68.9216
-0.601386 -56.4196
-0.758741 -43.9045
-0.876846 -31.3764
-0.955642 -18.8354
-1 0
-0.990125 6.28946
-0.960463 12.5914
-0.910952 18.9058
-0.841536 25.2326
-0.752156 31.5716
-0.642753 37.9229
-0.513269 44.2865
-0.363646 50.6621
-0.193827 57.0498
-0.00375491 63.4494
0.206629 69.861
0.43738 76.2845
0.688557 82.7198
0.960215 89.1668
1.25241 95.6254
1.5652 102.096
1.89864 108.578
2.25279 115.071
2.6277 121.575
3.02342 128.091
3.44002 134.619
3.87755 141.157
4.33606 147.707
4.8156 154.268
5.31623 160.839
5.83801 167.422
6.38099 174.016
6.94522 180.62
7.53076 187.235
8.13766 193.861
8.76597 200.497
9.41574 207.144
10.087 213.801
10.7799 220.469
11.4944 227.147
12.2305 233.835
12.9884 240.533
13.7681 247.242
14.5696 253.96
15.3929 260.689
16.2382 267.427
17.1055 274.175
17.9948 280.933
18.9062 287.701
19.8397 294.478
20.7954 301.265
21.7733 308.061
22.7736 314.867
23.7961 321.682
24.841 328.506
25.9083 335.339
26.9981 342.182
28.1105 349.033
29.2454 355.893
30.4029 362.763
31.5831 369.641
32.7859 376.528
34.0116 383.423
35.26 390.327
36.5313 397.24
37.8255 404.16
39.1426 411.09
40.4827 418.027
41.8459 424.973
43.2321 431.927
44.6414 438.889
46.0739 445.858
47.5297 452.836
49.0086 459.822
50.5109 466.815
52.0365 473.816
53.5855 480.824
55.1579 487.84
56.7538 494.864
58.3732 501.895
60.0161 508.933
61.6827 515.978
63.3729 523.03
65.0867 530.09
66.8243 537.156
68.5856 544.229
70.3708 551.309
72.1798 558.396
74.0126 565.489
75.8694 572.589
77.7502 579.695
79.6549 586.808
81.5837 593.927
83.5365 601.052
85.5135 608.184
87.5146 615.321
89.54 622.465
91.5895 629.614
93.6633 636.769
95.7614 643.93
97.8839 651.097
100.031 658.269
102.202 665.446
104.398 672.629
106.618 679.818
108.863 687.011
111.132 694.21
113.426 701.414
115.744 708.623
118.087 715.837
120.455 723.055
122.848 730.278
125.265 737.506
127.707 744.739
130.174 751.976
132.666 759.217
135.182 766.463
137.724 773.713
140.29 780.967
142.882 788.226
145.499 795.488
148.14 802.754
150.807 810.024
153.499 817.297
156.216 824.575
158.958 831.855
161.725 839.14
164.517 846.427
167.335 853.718
170.178 861.012
173.047 868.309
175.94 875.61
178.859 882.913
181.804 890.219
184.774 897.528
187.769 904.839
190.79 912.153
193.836 919.47
196.908 926.789
200.005 934.11
203.128 941.434
206.277 948.76
209.451 956.087
212.651 963.417
215.876 970.749
219.127 978.082
222.404 985.417
225.707 992.754
229.035 1000.09
232.389 1007.43
235.769 1014.77
239.175 1022.12
242.607 1029.46
246.065 1036.8
249.548 1044.15
253.057 1051.5
256.593 1058.84
260.154 1066.19
263.741 1073.54
267.355 1080.89
270.994 1088.24
274.659 1095.59
278.35 1102.94
282.068 1110.29
285.811 1117.64
289.581 1124.99
293.377 1132.34
297.199 1139.69
301.047 1147.04
304.921 1154.39
308.821 1161.74
312.748 1169.09
316.701 1176.43
320.68 1183.78
324.685 1191.13
328.716 1198.47
332.774 1205.82
336.858 1213.16
340.969 1220.5
345.106 1227.84
349.269 1235.18
353.458 1242.52
357.674 1249.86
361.916 1257.19
366.184 1264.52
370.479 1271.85
374.8 1279.18
379.148 1286.51
383.522 1293.83
387.923 1301.16
392.35 1308.48
396.803 1315.8
401.283 1323.11
405.789 1330.42
410.322 1337.73
414.881 1345.04
419.467 1352.34
424.079 1359.65
428.718 1366.94
433.383 1374.24
438.075 1381.53
442.793 1388.82
447.538 1396.1
452.309 1403.38
457.107 1410.66
461.932 1417.94
466.782 1425.21
471.66 1432.47
476.564 1439.73
481.494 1446.99
486.452 1454.25
491.435 1461.5
496.445 1468.74
501.482 1475.98
506.546 1483.22
511.635 1490.45
516.752 1497.67
521.895 1504.9
527.065 1512.11
532.261 1519.32
537.483 1526.53
542.733 1533.73
548.009 1540.93
553.311 1548.12
558.64 1555.3
563.995 1562.48
569.377 1569.65
574.786 1576.82
580.221 1583.98
585.683 1591.14
591.171 1598.29
596.686 1605.43
602.227 1612.57
607.795 1619.7
613.389 1626.82
619.01 1633.94
624.657 1641.05
630.331 1648.15
636.031 1655.25
641.758 1662.34
647.511 1669.42
653.291 1676.5
659.097 1683.57
664.93 1690.63
670.789 1697.68
676.675 1704.73
682.586 1711.76
688.525 1718.79
694.49 1725.82
700.481 1732.83
706.498 1739.84
712.542 1746.84
718.612 1753.83
724.709 1760.81
730.832 1767.78
736.981 1774.74
743.157 1781.7
749.359 1788.65
755.587 1795.59
761.841 1802.52
768.122 1809.44
774.429 1816.35
780.762 1823.25
787.121 1830.14
793.507 1837.03
799.918 1843.9
806.356 1850.76
812.82 1857.62
819.31 1864.46
825.827 1871.3
832.369 1878.12
838.937 1884.94
845.532 1891.74
852.152 1898.54
858.799 1905.32
865.471 1912.09
872.17 1918.86
878.894 1925.61
885.644 1932.35
892.421 1939.08
899.223 1945.8
906.051 1952.51
912.905 1959.21
919.784 1965.89
926.69 1972.57
933.621 1979.23
940.578 1985.88
947.561 1992.52
954.569 1999.15
961.603 2005.77
968.663 2012.37
975.749 2018.96
982.86 2025.55
989.996 2032.11
997.159 2038.67
1004.35 2045.21
1011.56 2051.74
1018.8 2058.26
1026.06 2064.77
1033.35 2071.26
1040.67 2077.74
1048.01 2084.21
1055.37 2090.66
1062.76 2097.11
1070.18 2103.53
1077.62 2109.95
1085.09 2116.35
1092.58 2122.74
1100.1 2129.11
1107.64 2135.47
1115.21 2141.82
1122.8 2148.15
1130.42 2154.47
1138.06 2160.77
1145.72 2167.06
1153.42 2173.34
1161.13 2179.6
1168.88 2185.84
1176.64 2192.08
1184.43 2198.29
1192.25 2204.5
1200.09 2210.69
1207.96 2216.86
1215.85 2223.02
1223.76 2229.16
1231.7 2235.29
1239.66 2241.4
1247.65 2247.5
1255.67 2253.58
1263.7 2259.64
1271.76 2265.69
1279.85 2271.73
1287.96 2277.74
1296.1 2283.75
1304.25 2289.73
1312.44 2295.7
1320.64 2301.66
1328.88 2307.59
1337.13 2313.51
1345.41 2319.42
1353.71 2325.31
1362.04 2331.18
1370.39 2337.03
1378.77 2342.87
1387.16 2348.69
1395.59 2354.49
1404.03 2360.28
1412.5 2366.05
1421 2371.8
1429.51 2377.53
1438.05 2383.25
1446.62 2388.95
1455.2 2394.63
1463.82 2400.29
1472.45 2405.93
1481.11 2411.56
1489.79 2417.17
1498.49 2422.76
1507.22 2428.33
1515.97 2433.89
1524.74 2439.42
1533.54 2444.94
1542.36 2450.44
1551.2 2455.92
1560.06 2461.38
1568.95 2466.82
1577.86 2472.24
1586.79 2477.65
1595.75 2483.03
1604.73 2488.4
1613.73 2493.74
1622.75 2499.07
1631.8 2504.38
1640.87 2509.66
1649.96 2514.93
1659.07 2520.18
1668.2 2525.41
1677.36 2530.62
1686.54 2535.8
1695.74 2540.97
1704.96 2546.12
1714.21 2551.25
1723.48 2556.35
1732.77 2561.44
1742.08 2566.51
1751.41 2571.55
1760.76 2576.58
1770.14 2581.58
1779.54 2586.56
1788.95 2591.52
1798.39 2596.46
1807.86 2601.38
1817.34 2606.28
1826.84 2611.16
1836.37 2616.01
1845.91 2620.85
1855.48 2625.66
1865.07 2630.45
1874.68 2635.22
1884.31 2639.96
1893.96 2644.69
1903.63 2649.39
1913.32 2654.07
1923.04 2658.73
1932.77 2663.37
1942.52 2667.98
1952.3 2672.57
1962.09 2677.14
1971.91 2681.68
1981.74 2686.21
1991.6 2690.71
2001.48 2695.19
2011.37 2699.64
2021.29 2704.07
2031.22 2708.48
2041.18 2712.87
2051.15 2717.23
2061.15 2721.57
2071.16 2725.88
2081.2 2730.17
2091.25 2734.44
2101.32 2738.69
2111.42 2742.91
2121.53 2747.11
2131.66 2751.28
2141.81 2755.43
2151.98 2759.55
2162.16 2763.65
2172.37 2767.73
2182.6 2771.78
2192.84 2775.81
2203.11 2779.81
2213.39 2783.79
2223.69 2787.75
2234.01 2791.68
2244.34 2795.58
2254.7 2799.46
2265.07 2803.32
2275.47 2807.15
2285.88 2810.95
2296.31 2814.73
2306.75 2818.48
2317.22 2822.21
2327.7 2825.92
2338.2 2829.6
2348.72 2833.25
2359.25 2836.88
2369.81 2840.48
2380.38 2844.05
2390.96 2847.6
2401.57 2851.13
2412.19 2854.63
2422.83 2858.1
2433.49 2861.54
2444.16 2864.96
2454.85 2868.36
2465.56 2871.72
2476.28 2875.06
2487.02 2878.38
2497.78 2881.67
2508.55 2884.93
2519.34 2888.16
2530.15 2891.37
2540.97 2894.55
2551.81 2897.7
2562.66 2900.83
2573.53 2903.93
2584.42 2907
2595.32 2910.05
2606.24 2913.06
2617.18 2916.05
2628.13 2919.02
2639.09 2921.95
2650.07 2924.86
2661.07 2927.74
2672.08 2930.6
2683.1 2933.42
2694.15 2936.22
2705.2 2938.99
2716.27 2941.73
2727.36 2944.44
2738.46 2947.13
2749.58 2949.79
2760.71 2952.42
2771.85 2955.02
2783.01 2957.59
2794.18 2960.13
2805.37 2962.65
2816.57 2965.14
2827.79 2967.59
2839.02 2970.02
2850.26 2972.43
2861.52 2974.8
2872.79 2977.14
2884.07 2979.46
2895.37 2981.74
2906.68 2984
2918.01 2986.23
2929.34 2988.42
2940.7 2990.59
2952.06 2992.73
2963.44 2994.84
2974.83 2996.93
2986.23 2998.98
2997.64 3001
3009.07 3002.99
3020.51 3004.95
3031.97 3006.89
3043.43 3008.79
3054.91 3010.67
3066.4 3012.51
3077.9 3014.32
3089.41 3016.11
3100.94 3017.86
3112.47 3019.58
3124.02 3021.28
3135.58 3022.94
3147.15 3024.57
3158.74 3026.18
3170.33 3027.75
3181.94 3029.29
3193.55 3030.8
3205.18 3032.28
3216.82 3033.73
3228.47 3035.15
3240.13 3036.54
3251.8 3037.9
3263.48 3039.23
3275.17 3040.53
3286.87 3041.79
3298.58 3043.03
3310.3 3044.23
3322.04 3045.4
3333.78 3046.54
3345.53 3047.65
3357.29 3048.73
3369.06 3049.78
3380.84 3050.8
3392.63 3051.78
3404.43 3052.74
3416.24 3053.66
3428.06 3054.55
3439.88 3055.41
3451.72 3056.24
3463.56 3057.03
3475.41 3057.8
3487.27 3058.53
3499.14 3059.23
3511.02 3059.9
3522.91 3060.53
3534.8 3061.14
3546.7 3061.71
3558.61 3062.25
3570.53 3062.76
3582.46 3063.24
3594.39 3063.68
3606.33 3064.1
3618.28 3064.48
3630.24 3064.82
3642.2 3065.14
3654.17 3065.42
3666.15 3065.67
3678.13 3065.89
3690.12 3066.08
3702.12 3066.23
3714.13 3066.35
3726.14 3066.44
3738.15 3066.5
3750.18 3066.52
3762.21 3066.51
3774.24 3066.47
3786.28 3066.39
3798.33 3066.28
3810.39 3066.14
3822.44 3065.97
3834.51 3065.76
3846.58 3065.52
3858.65 3065.25
3870.73 3064.94
3882.82 3064.6
3894.91 3064.23
3907.01 3063.82
3919.11 3063.38
3931.21 3062.91
3943.32 3062.41
3955.43 3061.87
3967.55 3061.3
3979.67 3060.69
3991.8 3060.05
4003.93 3059.38
4016.07 3058.67
4028.2 3057.93
4040.35 3057.16
4052.49 3056.35
4064.64 3055.51
4076.79 3054.64
4088.95 3053.73
4101.11 3052.79
4113.27 3051.82
4125.43 3050.81
4137.6 3049.77
4149.77 3048.69
4161.94 3047.58
4174.12 3046.44
4186.3 3045.26
4198.47 3044.05
4210.66 3042.81
4222.84 3041.53
4235.03 3040.21
4247.21 3038.87
4259.4 3037.49
4271.59 3036.07
4283.78 3034.62
4295.98 3033.14
4308.17 3031.62
4320.37 3030.07
4332.56 3028.48
4344.76 3026.86
4356.96 3025.21
4369.16 3023.52
4381.36 3021.8
4393.56 3020.04
4405.76 3018.25
4417.96 3016.43
4430.16 3014.57
4442.36 3012.67
4454.56 3010.74
4466.76 3008.78
4478.96 3006.78
4491.16 3004.75
4503.35 3002.69
4515.55 3000.59
4527.75 2998.45
4539.94 2996.28
4552.14 2994.08
4564.33 2991.84
4576.52 2989.57
4588.71 2987.26
4600.9 2984.92
4613.09 2982.54
4625.28 2980.13
4637.46 2977.68
4649.64 2975.2
4661.82 2972.69
4674 2970.14
4686.17 2967.56
4698.35 2964.94
4710.52 2962.28
4722.68 2959.6
4734.85 2956.87
4747.01 2954.12
4759.17 2951.32
4771.32 2948.5
4783.47 2945.64
4795.62 2942.74
4807.76 2939.81
4819.91 2936.84
4832.04 2933.84
4844.18 2930.81
4856.31 2927.74
4868.43 2924.64
4880.55 2921.5
4892.67 2918.32
4904.78 2915.11
4916.89 2911.87
4928.99 2908.59
4941.09 2905.28
4953.18 2901.93
4965.27 2898.55
4977.35 2895.13
4989.43 2891.68
5001.5 2888.19
5013.57 2884.67
5025.63 2881.12
5037.68 2877.53
5049.73 2873.9
5061.77 2870.24
5073.81 2866.55
5085.84 2862.82
5097.86 2859.05
5109.88 2855.25
5121.89 2851.42
5133.9 2847.55
5145.89 2843.65
5157.88 2839.71
5169.87 2835.73
5181.84 2831.73
5193.81 2827.68
5205.77 2823.61
5217.72 2819.5
5229.67 2815.35
5241.61 2811.17
5253.54 2806.95
5265.46 2802.7
5277.37 2798.42
5289.28 2794.1
5301.18 2789.74
5313.06 2785.35
5324.94 2780.93
5336.81 2776.47
5348.68 2771.98
5360.53 2767.45
5372.37 2762.89
5384.21 2758.29
5396.03 2753.66
5407.85 2749
5419.65 2744.3
5431.45 2739.56
5443.24 2734.79
5455.01 2729.99
5466.78 2725.15
5478.54 2720.28
5490.28 2715.37
5502.02 2710.43
5513.74 2705.46
5525.45 2700.45
5537.16 2695.4
5548.85 2690.32
5560.53 2685.21
5572.2 2680.06
5583.86 2674.88
5595.51 2669.67
5607.14 2664.42
5618.77 2659.13
5630.38 2653.81
5641.98 2648.46
5653.57 2643.07
5665.14 2637.65
5676.71 2632.2
5688.26 2626.71
5699.8 2621.19
5711.32 2615.63
5722.84 2610.04
5734.34 2604.41
5745.82 2598.76
5757.3 2593.06
5768.76 2587.34
5780.21 2581.58
5791.64 2575.78
5803.06 2569.95
5814.47 2564.09
5825.86 2558.2
5837.24 2552.27
5848.61 2546.3
5859.96 2540.31
5871.3 2534.28
5882.62 2528.21
5893.93 2522.11
5905.22 2515.98
5916.5 2509.82
5927.76 2503.62
5939.01 2497.39
5950.24 2491.12
5961.46 2484.83
5972.66 2478.49
5983.85 2472.13
5995.02 2465.73
6006.18 2459.3
6017.32 2452.83
6028.44 2446.34
6039.55 2439.81
6050.64 2433.24
6061.72 2426.64
6072.78 2420.01
6083.82 2413.35
6094.85 2406.66
6105.86 2399.93
6116.85 2393.16
6127.82 2386.37
6138.78 2379.54
6149.72 2372.68
6160.65 2365.79
6171.55 2358.86
6182.44 2351.91
6193.31 2344.91
6204.16 2337.89
6215 2330.84
6225.81 2323.75
6236.61 2316.63
6247.39 2309.47
6258.16 2302.29
6268.9 2295.07
6279.62 2287.82
6290.33 2280.54
6301.02 2273.23
6311.68 2265.88
6322.33 2258.5
6332.96 2251.09
6343.57 2243.65
6354.16 2236.17
6364.73 2228.67
6375.29 2221.13
6385.82 2213.56
6396.33 2205.96
6406.82 2198.33
6417.29 2190.66
6427.74 2182.97
6438.17 2175.24
6448.58 2167.48
6458.97 2159.69
6469.34 2151.87
6479.69 2144.02
6490.02 2136.13
6500.32 2128.22
6510.61 2120.27
6520.87 2112.29
6531.12 2104.29
6541.34 2096.25
6551.53 2088.18
6561.71 2080.08
6571.87 2071.94
6582 2063.78
6592.11 2055.59
6602.2 2047.37
6612.27 2039.11
6622.31 2030.83
6632.33 2022.51
6642.33 2014.17
6652.31 2005.79
6662.26 1997.38
6672.19 1988.95
6682.1 1980.48
6691.99 1971.98
6701.85 1963.46
6711.68 1954.9
6721.5 1946.32
6731.29 1937.7
6741.05 1929.05
6750.8 1920.38
6760.52 1911.67
6770.21 1902.94
6779.88 1894.17
6789.53 1885.38
6799.15 1876.56
6808.75 1867.71
6818.32 1858.82
6827.87 1849.91
6837.39 1840.97
6846.89 1832.01
6856.36 1823.01
6865.81 1813.98
6875.23 1804.93
6884.63 1795.84
6894 1786.73
6903.34 1777.59
6912.66 1768.42
6921.96 1759.22
6931.23 1749.99
6940.47 1740.74
6949.68 1731.45
6958.87 1722.14
6968.04 1712.8
6977.18 1703.44
6986.29 1694.04
6995.37 1684.62
7004.43 1675.17
7013.46 1665.69
7022.46 1656.18
7031.44 1646.65
7040.39 1637.09
7049.31 1627.5
7058.2 1617.88
7067.07 1608.24
7075.91 1598.57
7084.72 1588.87
7093.5 1579.14
7102.26 1569.39
7110.99 1559.61
7119.69 1549.81
7128.36 1539.98
7137 1530.12
7145.62 1520.23
7154.2 1510.32
7162.76 1500.38
7171.29 1490.42
7179.79 1480.43
7188.26 1470.41
7196.7 1460.37
7205.11 1450.3
7213.5 1440.2
7221.85 1430.08
7230.18 1419.94
7238.47 1409.77
7246.74 1399.57
7254.97 1389.35
7263.18 1379.1
7271.36 1368.82
7279.5 1358.53
7287.62 1348.2
7295.7 1337.85
7303.76 1327.48
7311.78 1317.08
7319.78 1306.66
7327.74 1296.21
7335.68 1285.74
7343.58 1275.24
7351.45 1264.72
7359.29 1254.17
7367.1 1243.6
7374.88 1233.01
7382.63 1222.39
7390.34 1211.75
7398.03 1201.08
7405.68 1190.39
7413.3 1179.68
7420.89 1168.94
7428.45 1158.18
7435.98 1147.4
7443.47 1136.59
7450.93 1125.76
7458.36 1114.91
7465.76 1104.03
7473.12 1093.13
7480.46 1082.21
7487.76 1071.27
7495.02 1060.3
7502.26 1049.31
7509.46 1038.3
7516.63 1027.26
7523.76 1016.21
7530.87 1005.13
7537.94 994.025
7544.97 982.902
7551.97 971.757
7558.94 960.591
7565.88 949.402
7572.78 938.193
7579.65 926.961
7586.49 915.709
7593.29 904.435
7600.05 893.14
7606.79 881.825
7613.49 870.488
7620.15 859.13
7626.78 847.752
7633.38 836.353
7639.94 824.934
7646.47 813.494
7652.96 802.034
7659.42 790.553
7665.84 779.053
7672.23 767.532
7678.58 755.992
7684.9 744.432
7691.18 732.852
7697.43 721.253
7703.64 709.634
7709.82 697.996
7715.96 686.339
7722.06 674.662
7728.13 662.967
7734.17 651.252
7740.17 639.519
7746.13 627.767
7752.06 615.997
7757.95 604.208
7763.8 592.401
7769.62 580.575
7775.41 568.731
7781.15 556.87
7786.86 544.99
7792.54 533.092
7798.17 521.177
7803.77 509.244
7809.34 497.294
7814.86 485.327
7820.35 473.342
7825.81 461.34
7831.22 449.321
7836.6 437.285
7841.94 425.232
7847.25 413.163
7852.52 401.077
7857.75 388.974
7862.94 376.856
7868.1 364.721
7873.21 352.57
7878.29 340.403
7883.34 328.22
7888.34 316.021
7893.31 303.807
7898.24 291.577
7903.13 279.332
7907.98 267.071
7912.8 254.795
7917.57 242.505
7922.31 230.199
7927.01 217.879
7931.67 205.543
7936.3 193.194
7940.88 180.83
7945.43 168.451
7949.94 156.058
7954.41 143.652
7958.84 131.231
7963.23 118.796
7967.58 106.348
7971.89 93.8858
7976.17 81.4104
7980.4 68.9216
7984.6 56.4196
7988.76 43.9045
7992.88 31.3764
7996.96 18.8354
4000 0
