635899 0
1044.12 -2103.79
428.125 1904.92
-216.209 1896.79
305.215 40.1195
-313.034 567.971
-126.983 413.1
-4.2452 255.912
-97.7223 328.466
-18.6836 306.837
10.1824 280.688
-15.4157 218.122
-12.0244 252.414
276.888 190.737
-15.1004 84.4778
42.4879 287.769
-22.534 220.451
9.48417 203.143
-144.182 177.696
-128.108 90.8682
62.0306 106.491
-17.7757 68.7111
-27.8299 83.1787
-22.3462 65.7125
-17.7633 70.5925
-34.7857 52.8845
2.43019 75.1059
-7.24366 63.0568
-6.42607 79.5021
-58.6268 115.3
-106.681 41.2523
0.0135827 67.8622
2.3661 49.0755
-33.8838 87.7106
50.0121 34.8958
-64.0204 49.1283
-29.6026 50.4217
-28.485 60.2159
-22.7504 58.1191
-15.0286 56.7486
-7.78339 50.5007
-4.68401 43.5439
-18.6855 51.7971
0.891048 53.7717
1.32992 68.036
-6.53704 48.0713
-19.6546 53.6471
-13.1543 78.9396
-13.8358 52.8644
-10.1588 54.0313
-30.6336 -10.6989
42.0108 74.4641
-17.029 18.8026
-19.9025 41.2383
-14.6207 40.3234
-8.87763 31.7845
-6.90954 35.9547
-12.9942 38.1103
-7.28869 31.5715
-8.42651 25.4577
-1.25357 32.9142
10.1802 9.60855
-15.4481 31.0049
-15.0686 26.0281
-13.1775 31.7031
-19.7728 40.9466
-9.15966 40.1956
-24.6437 60.3623
-6.08456 29.1162
-7.18129 36.9921
-7.82878 34.6261
-6.77887 37.6276
-6.25013 33.4553
-4.88227 34.4648
-4.71232 29.7591
-5.07766 36.8139
-5.8528 36.743
-16.0357 41.865
23.3583 10.5321
-5.15601 10.8824
-3.86057 27.0703
-6.64858 30.4911
-7.34044 25.4851
4.15202 22.8485
-4.01939 23.2686
-5.91941 22.7069
-6.79851 23.3393
-4.33853 20.2625
-4.28249 22.4761
-4.38304 23.1661
-3.8051 24.1988
-6.98153 19.9312
-8.5894 16.3925
-6.541 21.5504
-6.59571 18.5141
-2.44854 19.1615
-3.34145 19.1619
-4.98452 21.4467
-12.7094 14.8857
-8.97463 28.0374
-7.67128 17.7614
-3.71702 22.1136
-2.95017 19.6259
-3.14576 20.0773
-5.51407 19.738
-5.59632 21.2971
-1.72841 17.6129
-2.06279 17.6768
-4.7198 15.3948
-11.7887 22.0512
-4.85825 22.0046
0.862149 18.2653
-0.746781 18.511
-3.51387 18.6683
-1.57001 21.8225
-4.70081 15.9609
-1.65206 27.3884
-7.81739 21.6734
-5.80214 18.6737
-5.74497 18.9054
-4.11388 19.8475
-4.13203 20.9529
-3.42595 20.7185
-3.49789 20.2849
-7.1495 17.9435
-19.3394 10.3529
4.78624 10.7385
-7.7348 20.3621
-6.35478 17.8332
8.61196 15.5166
-13.5355 13.314
-0.546988 -2.56843
-2.32236 24.8436
-2.13724 13.9402
-2.33319 16.0283
-4.14308 15.7817
-3.1389 15.3442
-5.3583 15.2341
-3.91003 13.9285
-3.98679 14.6991
-4.84451 14.5752
-5.80796 15.8527
-2.10378 14.3794
-4.0947 14.6719
-3.9565 14.2007
-3.14745 15.5158
-6.18252 12.7581
-6.47554 12.0274
-4.29705 14.6255
-3.80145 14.2374
-3.94736 13.818
-3.62274 13.6902
-3.82828 13.7051
-4.07849 14.1412
-3.85715 13.8641
-3.82145 13.6617
-3.32327 13.9124
-4.02851 13.3665
-3.67289 12.2382
-4.15084 12.755
-4.43093 13.0673
-3.90793 13.1838
-4.65131 10.2973
-4.13038 10.3057
-2.8404 14.3874
-3.59419 12.4182
-3.70284 12.1354
-3.25635 12.2945
-3.56091 12.0645
-3.69568 11.858
-3.75611 12.1844
-3.88071 12.0368
-3.90635 11.9408
-3.61268 11.4379
-3.76396 12.2773
-3.61966 11.0276
-3.66112 10.8718
-3.27492 11.6159
-2.98521 10.7318
-3.55046 11.8596
-4.07432 11.2553
-3.78825 11.3155
-3.60603 11.2708
-3.667 11.1247
-3.6168 11.1227
-3.6003 11.1643
-3.68276 10.9858
-3.71452 10.908
-3.74329 10.839
-3.74795 10.7136
-3.70108 10.5717
-3.68572 10.8606
-3.80762 10.7512
-3.80955 10.6423
-3.31027 10.5731
-3.64281 10.7278
-3.54224 10.2311
-3.53045 10.2772
-3.5918 10.2367
-3.56814 10.2224
-3.55501 10.1614
-3.51665 10.0651
-3.58352 10.013
-3.55333 10.0266
-3.52715 9.95644
-3.67594 10.0077
-3.46062 9.84463
-3.5863 9.68845
-3.56552 9.72543
-3.5608 9.63304
-3.6137 9.78561
-3.6158 9.4888
-3.50614 9.56141
-3.55707 9.47944
-3.51997 9.46157
-3.5216 9.37556
-3.54341 9.33895
-3.52622 9.28195
-3.55466 9.27228
-3.52236 9.22344
-3.52151 9.15303
-3.50064 9.10168
-3.49501 9.09089
-3.56457 9.04863
-3.53584 9.00948
-3.48299 8.97281
-3.65811 8.99652
-3.48928 8.90895
-3.56599 8.77217
-3.50311 8.78102
-3.50169 8.72542
-3.4948 8.69673
-3.50122 8.65287
-3.48599 8.62457
-3.50864 8.56318
-3.50811 8.5454
-3.49648 8.50635
-3.53956 8.48064
-3.532 8.4441
-3.50329 8.4027
-3.51535 8.35489
-3.50833 8.28875
-3.46688 8.31482
-3.46139 8.24286
-3.47088 8.1655
-3.48621 8.15811
-3.49366 8.1113
-3.49594 8.08543
-3.48354 8.04622
-3.48445 8.01597
-3.47218 7.97077
-3.47826 7.94996
-3.48564 7.90907
-3.4761 7.8707
-3.47584 7.84133
-3.47479 7.81612
-3.46651 7.7792
-3.49512 7.74086
-3.45067 7.74442
-3.46775 7.676
-3.47313 7.63046
-3.47837 7.59934
-3.47256 7.57678
-3.47787 7.53998
-3.47099 7.51206
-3.47893 7.48408
-3.46077 7.44732
-3.46684 7.41294
-3.47017 7.38259
-3.46294 7.34836
-3.45848 7.33816
-3.46683 7.29484
-3.46528 7.26409
-3.45225 7.23919
-3.46522 7.21594
-3.45848 7.16768
-3.45585 7.14785
-3.46074 7.1093
-3.45718 7.08597
-3.45294 7.05521
-3.45562 7.02798
-3.4541 7.00404
-3.45276 6.97302
-3.44694 6.94106
-3.44962 6.91162
-3.44293 6.88504
-3.45132 6.85371
-3.44438 6.83046
-3.45201 6.80215
-3.44677 6.76795
-3.43768 6.77299
-3.45739 6.71729
-3.45536 6.69677
-3.44327 6.67922
-3.44373 6.64732
-3.44001 6.62118
-3.44148 6.59622
-3.43957 6.56978
-3.43991 6.5434
-3.43908 6.51926
-3.43885 6.49305
-3.43828 6.46873
-3.43499 6.44356
-3.43124 6.41698
-3.43108 6.39405
-3.4275 6.36656
-3.44697 6.34996
-3.42535 6.31149
-3.43648 6.29708
-3.43453 6.27129
-3.43201 6.25006
-3.43235 6.22824
-3.42834 6.20219
-3.42669 6.17963
-3.42905 6.15636
-3.42866 6.13492
-3.42761 6.11056
-3.42434 6.0857
-3.42781 6.06589
-3.4255 6.04292
-3.4214 6.02378
-3.42536 5.99602
-3.4227 5.98517
-3.42271 5.94922
-3.41705 5.92641
-3.41977 5.90909
-3.41834 5.88648
-3.41977 5.86581
-3.41916 5.84417
-3.41981 5.82384
-3.41463 5.80282
-3.41713 5.78101
-3.41594 5.76039
-3.4174 5.73823
-3.4135 5.71827
-3.41427 5.69786
-3.41389 5.67721
-3.41644 5.66263
-3.41316 5.63638
-3.41099 5.60874
-3.4134 5.59365
-3.41355 5.5744
-3.41125 5.55518
-3.41044 5.5349
-3.41028 5.51638
-3.4098 5.49722
-3.41028 5.47829
-3.40837 5.45748
-3.40885 5.43885
-3.40751 5.4195
-3.40674 5.39891
-3.40673 5.38247
-3.40979 5.36272
-3.40168 5.34791
-3.40663 5.32883
-3.4044 5.30582
-3.4049 5.28913
-3.40347 5.27071
-3.40418 5.2513
-3.40187 5.2338
-3.40254 5.21547
-3.40176 5.19716
-3.40142 5.18074
-3.40125 5.16323
-3.39983 5.14438
-3.39968 5.12694
-3.39844 5.10975
-3.3981 5.09096
-3.39718 5.07387
-3.40275 5.05612
-3.39472 5.04141
-3.39808 5.02475
-3.39764 5.00401
-3.39828 4.98795
-3.39673 4.97193
-3.39689 4.95413
-3.3963 4.93749
-3.39545 4.92045
-3.39458 4.90415
-3.39454 4.88736
-3.39455 4.8706
-3.3938 4.85506
-3.39524 4.83731
-3.39297 4.82303
-3.39119 4.80615
-3.38997 4.78725
-3.39464 4.77503
-3.39231 4.75583
-3.39136 4.74524
-3.39116 4.72678
-3.39016 4.711
-3.39054 4.69559
-3.38954 4.6793
-3.38953 4.66402
-3.38889 4.65001
-3.38875 4.63231
-3.38853 4.61664
-3.38716 4.60113
-3.38791 4.58816
-3.38624 4.57375
-3.3876 4.55869
-3.38515 4.54335
-3.38706 4.52883
-3.38598 4.51011
-3.38461 4.49785
-3.38553 4.48313
-3.38595 4.46771
-3.38485 4.45291
-3.38491 4.43861
-3.38409 4.42377
-3.38302 4.40961
-3.38368 4.39483
-3.38296 4.38089
-3.38273 4.36702
-3.38324 4.35206
-3.38311 4.33929
-3.38248 4.32593
-3.38142 4.31373
-3.38137 4.29419
-3.38059 4.28108
-3.3813 4.26691
-3.38074 4.2543
-3.38009 4.24117
-3.38052 4.22732
-3.37969 4.2131
-3.37999 4.19982
-3.37935 4.18667
-3.37911 4.17305
-3.37833 4.15933
-3.37865 4.14586
-3.37862 4.13199
-3.37762 4.11955
-3.37749 4.10581
-3.37766 4.096
-3.37993 4.08013
-3.37735 4.06721
-3.3775 4.05346
-3.375 4.04145
-3.37657 4.02745
-3.37608 4.01507
-3.37565 4.00262
-3.37507 3.98966
-3.3752 3.97625
-3.37531 3.96506
-3.375 3.95196
-3.375 3.93962
-3.37451 3.9266
-3.37457 3.91475
-3.37424 3.90277
-3.37407 3.88889
-3.37265 3.87801
-3.37222 3.86516
-3.37171 3.85292
-3.37316 3.84019
-3.37231 3.82753
-3.37192 3.81583
-3.37179 3.8039
-3.37147 3.79192
-3.37203 3.77981
-3.37248 3.76815
-3.37156 3.75605
-3.37176 3.74435
-3.37105 3.73283
-3.37073 3.72053
-3.3714 3.70892
-3.3703 3.69618
-3.37039 3.68605
-3.36934 3.67613
-3.36918 3.66339
-3.36904 3.65129
-3.36853 3.63998
-3.36856 3.62749
-3.36851 3.61647
-3.36822 3.60518
-3.36811 3.59374
-3.3684 3.58248
-3.36779 3.5711
-3.36777 3.55978
-3.36776 3.54829
-3.36722 3.53788
-3.36685 3.52734
-3.36641 3.5142
-3.36742 3.50398
-3.36688 3.49363
-3.36661 3.48277
-3.36557 3.47212
-3.36617 3.4605
-3.36593 3.45078
-3.36585 3.43945
-3.36568 3.42879
-3.36562 3.4177
-3.36546 3.4072
-3.36542 3.39663
-3.36512 3.38582
-3.36511 3.37564
-3.36464 3.36448
-3.36424 3.35387
-3.3656 3.34323
-3.36453 3.33101
-3.36336 3.32394
-3.36339 3.31225
-3.36302 3.30211
-3.36313 3.29111
-3.36281 3.28105
-3.36296 3.27051
-3.36269 3.2601
-3.36242 3.25057
-3.36241 3.23991
-3.36257 3.2301
-3.36238 3.21995
-3.36157 3.20936
-3.3618 3.1998
-3.36212 3.19054
-3.36165 3.17958
-3.36152 3.16984
-3.36166 3.15887
-3.36228 3.14913
-3.36083 3.13967
-3.36041 3.13019
-3.36117 3.12013
-3.36071 3.11037
-3.36053 3.1008
-3.36005 3.09119
-3.36061 3.0814
-3.35994 3.0716
-3.35988 3.06218
-3.35948 3.05231
-3.35965 3.043
-3.36084 3.03331
-3.35873 3.02461
-3.35885 3.01457
-3.35921 3.00438
-3.3584 2.99524
-3.35857 2.98563
-3.35852 2.97592
-3.35847 2.96679
-3.3582 2.95708
-3.35826 2.94782
-3.35758 2.93881
-3.35792 2.92921
-3.35771 2.92024
-3.35763 2.91095
-3.35718 2.90153
-3.3575 2.89297
-3.35768 2.8833
-3.35717 2.87444
-3.35687 2.864
-3.35701 2.85559
-3.35677 2.84771
-3.35691 2.83786
-3.35606 2.82908
-3.35624 2.81983
-3.3563 2.8111
-3.35602 2.80176
-3.35625 2.79337
-3.35598 2.78435
-3.35593 2.77557
-3.35583 2.76651
-3.35573 2.75791
-3.35492 2.7492
-3.35559 2.73984
-3.35447 2.73181
-3.355 2.72191
-3.35533 2.7148
-3.35523 2.7058
-3.35521 2.69693
-3.35486 2.68858
-3.35499 2.67966
-3.35459 2.67125
-3.35465 2.66268
-3.35416 2.65441
-3.35404 2.64543
-3.35398 2.63704
-3.35391 2.62871
-3.354 2.62
-3.35379 2.61168
-3.35342 2.60292
-3.35442 2.5953
-3.3532 2.58562
-3.35339 2.57742
-3.35359 2.56916
-3.35302 2.56156
-3.35332 2.5532
-3.35251 2.54483
-3.35291 2.53652
-3.35279 2.52854
-3.3526 2.51983
-3.35254 2.51167
-3.35237 2.50375
-3.35256 2.49568
-3.35223 2.48728
-3.35241 2.47938
-3.35155 2.47136
-3.35161 2.46328
-3.3517 2.45458
-3.35172 2.44664
-3.35185 2.43866
-3.35113 2.43125
-3.35142 2.42313
-3.35136 2.4153
-3.35116 2.40717
-3.35113 2.39899
-3.35057 2.39118
-3.35096 2.38318
-3.35079 2.37563
-3.35054 2.36777
-3.35078 2.3597
-3.35072 2.35233
-3.35083 2.34438
-3.35066 2.3362
-3.3503 2.32923
-3.35045 2.32005
-3.34986 2.3126
-3.34975 2.30513
-3.35009 2.29766
-3.35007 2.29004
-3.34975 2.28212
-3.34965 2.27448
-3.34971 2.26664
-3.34968 2.25935
-3.34957 2.25175
-3.34947 2.24417
-3.34918 2.23655
-3.34933 2.22899
-3.34913 2.22146
-3.34952 2.21468
-3.34872 2.20677
-3.34818 2.19862
-3.34852 2.19151
-3.34855 2.18393
-3.34872 2.17644
-3.34897 2.16891
-3.34864 2.16174
-3.34851 2.15429
-3.34809 2.14701
-3.34812 2.13955
-3.34823 2.13215
-3.34797 2.12501
-3.34821 2.11774
-3.3477 2.11021
-3.34745 2.1028
-3.34755 2.09614
-3.34804 2.08875
-3.34809 2.08021
-3.34756 2.07315
-3.34806 2.06629
-3.34776 2.05906
-3.34739 2.05236
-3.34738 2.04487
-3.34728 2.03767
-3.34736 2.0305
-3.34719 2.02357
-3.34728 2.01656
-3.34702 2.00928
-3.34689 2.00209
-3.34691 1.99494
-3.34697 1.98803
-3.34667 1.98173
-3.34731 1.97344
-3.34696 1.96718
-3.34677 1.95964
-3.34654 1.95271
-3.34658 1.94587
-3.3467 1.93902
-3.34633 1.93174
-3.34633 1.9249
-3.34613 1.91798
-3.3462 1.91075
-3.34636 1.90401
-3.34599 1.89711
-3.34565 1.89004
-3.34596 1.8834
-3.34611 1.8765
-3.34606 1.86926
-3.34547 1.8628
-3.34637 1.85533
-3.34557 1.84884
-3.34538 1.84207
-3.3455 1.83536
-3.3453 1.82859
-3.34542 1.82193
-3.34533 1.8151
-3.34526 1.80823
-3.34523 1.80171
-3.3451 1.79491
-3.34502 1.78802
-3.34493 1.78152
-3.3446 1.77489
-3.34523 1.76802
-3.34452 1.7612
-3.34471 1.7548
-3.3442 1.7483
-3.34494 1.74204
-3.34467 1.73507
-3.34447 1.72842
-3.34457 1.72176
-3.34448 1.7152
-3.34446 1.70855
-3.34459 1.70195
-3.34435 1.69523
-3.34417 1.68876
-3.34412 1.68233
-3.34426 1.67561
-3.34383 1.66882
-3.34391 1.66212
-3.34319 1.6566
-3.3441 1.65025
-3.34371 1.64366
-3.34385 1.63676
-3.34367 1.6304
-3.34359 1.62391
-3.34364 1.61727
-3.34369 1.61094
-3.34365 1.60456
-3.34358 1.59806
-3.3434 1.5917
-3.34344 1.58527
-3.34322 1.57886
-3.34343 1.57245
-3.34335 1.5662
-3.34328 1.56003
-3.34336 1.55357
-3.34254 1.54749
-3.34341 1.54098
-3.34305 1.5346
-3.34317 1.52829
-3.34275 1.52185
-3.34289 1.51561
-3.34293 1.50946
-3.34287 1.5032
-3.34277 1.49682
-3.34272 1.49053
-3.34258 1.48444
-3.34269 1.47804
-3.34263 1.47191
-3.34277 1.46552
-3.34252 1.46009
-3.3426 1.45332
-3.34255 1.44716
-3.34225 1.44053
-3.34223 1.43453
-3.34249 1.42851
-3.34206 1.42245
-3.34229 1.41618
-3.3422 1.41006
-3.34216 1.40391
-3.34214 1.39782
-3.34209 1.39156
-3.34202 1.38552
-3.34193 1.37944
-3.34197 1.37322
-3.34201 1.3674
-3.34153 1.36131
-3.34142 1.35498
-3.34184 1.34882
-3.34187 1.34291
-3.34184 1.33677
-3.34153 1.33085
-3.34183 1.32482
-3.34153 1.31896
-3.34147 1.31297
-3.34146 1.30689
-3.34134 1.30086
-3.34125 1.29481
-3.34137 1.28897
-3.34148 1.28294
-3.34156 1.27701
-3.34113 1.27098
-3.34111 1.26518
-3.34117 1.25935
-3.34118 1.25257
-3.34105 1.24705
-3.34114 1.24112
-3.34102 1.23518
-3.34099 1.22936
-3.34098 1.22348
-3.34096 1.21754
-3.34093 1.21167
-3.34095 1.20561
-3.34074 1.19975
-3.34071 1.19397
-3.34072 1.18816
-3.34078 1.18218
-3.34093 1.17618
-3.34047 1.17038
-3.3407 1.16499
-3.34016 1.15908
-3.3405 1.15276
-3.34052 1.14726
-3.3403 1.14143
-3.3404 1.13571
-3.34052 1.12982
-3.34045 1.12405
-3.3404 1.1182
-3.34042 1.11233
-3.34042 1.10671
-3.34024 1.10094
-3.34018 1.09506
-3.34014 1.08948
-3.34007 1.08353
-3.34036 1.07782
-3.34019 1.07212
-3.34001 1.06648
-3.3401 1.06077
-3.34 1.05489
-3.33992 1.04906
-3.33999 1.04347
-3.34008 1.03765
-3.33988 1.03207
-3.33977 1.02637
-3.33991 1.02057
-3.33994 1.01493
-3.33984 1.00936
-3.3397 1.0037
-3.33986 0.997864
-3.33966 0.992438
-3.3397 0.986776
-3.33965 0.980713
-3.33939 0.975439
-3.33942 0.969661
-3.33968 0.964036
-3.33963 0.958358
-3.33965 0.952794
-3.33948 0.947094
-3.33957 0.941491
-3.3396 0.935883
-3.33959 0.930327
-3.33938 0.924717
-3.33944 0.919076
-3.33939 0.91344
-3.33926 0.907849
-3.33945 0.902335
-3.33922 0.896752
-3.33935 0.891146
-3.33927 0.885621
-3.3393 0.879884
-3.33911 0.8745
-3.33915 0.868829
-3.33914 0.863438
-3.33907 0.857633
-3.33911 0.852257
-3.33914 0.846687
-3.33907 0.841148
-3.33913 0.835617
-3.33904 0.830106
-3.33902 0.824459
-3.33901 0.819057
-3.33883 0.813648
-3.33899 0.808046
-3.33892 0.802661
-3.33848 0.796958
-3.33893 0.791595
-3.33885 0.786072
-3.33886 0.780532
-3.33889 0.775132
-3.33879 0.769639
-3.33878 0.76415
-3.33875 0.758666
-3.33877 0.753156
-3.33876 0.747822
-3.33876 0.742259
-3.33864 0.736809
-3.3387 0.73136
-3.3386 0.725795
-3.33845 0.72064
-3.33861 0.714973
-3.33868 0.709591
-3.33861 0.70419
-3.33861 0.698772
-3.33849 0.693261
-3.33849 0.687876
-3.33845 0.68245
-3.33847 0.677037
-3.33847 0.671643
-3.33847 0.666141
-3.33843 0.660837
-3.33836 0.655416
-3.33833 0.649926
-3.33839 0.644715
-3.33838 0.639278
-3.33824 0.633884
-3.33812 0.628475
-3.33814 0.622944
-3.33827 0.617735
-3.33835 0.612309
-3.33829 0.606915
-3.33827 0.60151
-3.33823 0.596164
-3.33823 0.590853
-3.33818 0.585498
-3.33815 0.58006
-3.33816 0.574824
-3.33821 0.56944
-3.33817 0.564125
-3.33807 0.558747
-3.33825 0.553358
-3.33817 0.548095
-3.33797 0.542695
-3.33816 0.537406
-3.33805 0.531998
-3.33808 0.526675
-3.33801 0.521325
-3.33804 0.515972
-3.33806 0.510696
-3.33799 0.505393
-3.33801 0.500047
-3.33793 0.494798
-3.33795 0.489437
-3.33793 0.484115
-3.33793 0.478791
-3.33787 0.473522
-3.33791 0.468254
-3.33781 0.463027
-3.33792 0.457644
-3.33784 0.452429
-3.33797 0.447047
-3.33786 0.441803
-3.33789 0.436462
-3.33789 0.43117
-3.33785 0.425895
-3.33781 0.420583
-3.33779 0.415315
-3.33784 0.410067
-3.33778 0.404767
-3.33781 0.399464
-3.33779 0.394235
-3.33782 0.388935
-3.33773 0.383653
-3.33785 0.378455
-3.33773 0.373225
-3.3378 0.367859
-3.33775 0.362615
-3.33773 0.357367
-3.33774 0.35215
-3.33767 0.346883
-3.33766 0.341613
-3.33767 0.33638
-3.33767 0.331124
-3.33762 0.325819
-3.33763 0.320629
-3.33765 0.315379
-3.33763 0.310134
-3.33757 0.304944
-3.33753 0.299612
-3.33765 0.294386
-3.33766 0.289177
-3.3376 0.283949
-3.33763 0.27876
-3.33756 0.273505
-3.33756 0.268246
-3.33758 0.263032
-3.33755 0.257793
-3.33753 0.25254
-3.33754 0.247315
-3.3375 0.242102
-3.33752 0.236865
-3.33752 0.231656
-3.33751 0.226414
-3.33753 0.221171
-3.33745 0.215967
-3.33749 0.21079
-3.33751 0.205579
-3.33751 0.200267
-3.33747 0.195164
-3.33746 0.189912
-3.33747 0.184689
-3.33749 0.179496
-3.33748 0.17428
-3.33745 0.169055
-3.33747 0.163849
-3.33746 0.15861
-3.33741 0.153439
-3.33743 0.148231
-3.33743 0.143011
-3.33741 0.137786
-3.33743 0.132585
-3.33747 0.127405
-3.33743 0.122233
-3.33744 0.116975
-3.33738 0.111759
-3.33742 0.106598
-3.33741 0.101374
-3.33742 0.096176
-3.33741 0.0909704
-3.33741 0.0857697
-3.3374 0.0805731
-3.33742 0.0753692
-3.33739 0.070186
-3.33741 0.0649947
-3.33739 0.0597748
-3.3374 0.0545877
-3.33742 0.0493983
-3.3374 0.0442128
-3.33739 0.0389843
-3.33738 0.0337954
-3.33739 0.028606
-3.33738 0.0233773
-3.33739 0.0181897
-3.3374 0.0129941
-3.33738 0.007796
-3.33739 0.00260109
-3.33739 -0.00260109
-3.33738 -0.007796
-3.3374 -0.0129941
-3.33739 -0.0181897
-3.33738 -0.0233773
-3.33739 -0.028606
-3.33738 -0.0337954
-3.33739 -0.0389843
-3.3374 -0.0442128
-3.33742 -0.0493983
-3.3374 -0.0545877
-3.33739 -0.0597748
-3.33741 -0.0649947
-3.33739 -0.070186
-3.33742 -0.0753692
-3.3374 -0.0805731
-3.33741 -0.0857697
-3.33741 -0.0909704
-3.33742 -0.096176
-3.33741 -0.101374
-3.33742 -0.106599
-3.33738 -0.111759
-3.33744 -0.116975
-3.33743 -0.122233
-3.33747 -0.127405
-3.33743 -0.132585
-3.33741 -0.137786
-3.33743 -0.143011
-3.33743 -0.148231
-3.33741 -0.153439
-3.33746 -0.15861
-3.33747 -0.163849
-3.33745 -0.169055
-3.33748 -0.17428
-3.33749 -0.179496
-3.33747 -0.184689
-3.33746 -0.189912
-3.33747 -0.195164
-3.33751 -0.200267
-3.33751 -0.205579
-3.33749 -0.21079
-3.33745 -0.215967
-3.33753 -0.221171
-3.33751 -0.226414
-3.33752 -0.231656
-3.33752 -0.236865
-3.3375 -0.242102
-3.33754 -0.247315
-3.33753 -0.25254
-3.33755 -0.257793
-3.33758 -0.263032
-3.33756 -0.268246
-3.33756 -0.273505
-3.33763 -0.27876
-3.3376 -0.283949
-3.33766 -0.289177
-3.33765 -0.294386
-3.33753 -0.299612
-3.33757 -0.304944
-3.33763 -0.310134
-3.33765 -0.315379
-3.33763 -0.320629
-3.33762 -0.325819
-3.33767 -0.331124
-3.33767 -0.33638
-3.33766 -0.341613
-3.33767 -0.346883
-3.33774 -0.35215
-3.33773 -0.357367
-3.33775 -0.362615
-3.3378 -0.367859
-3.33773 -0.373225
-3.33785 -0.378455
-3.33773 -0.383653
-3.33782 -0.388935
-3.33779 -0.394235
-3.33781 -0.399464
-3.33778 -0.404767
-3.33784 -0.410067
-3.33779 -0.415315
-3.33781 -0.420583
-3.33785 -0.425895
-3.33789 -0.43117
-3.33789 -0.436462
-3.33786 -0.441803
-3.33797 -0.447047
-3.33784 -0.452429
-3.33792 -0.457644
-3.33781 -0.463027
-3.33791 -0.468254
-3.33787 -0.473522
-3.33793 -0.478791
-3.33793 -0.484115
-3.33795 -0.489437
-3.33793 -0.494798
-3.33801 -0.500047
-3.33799 -0.505393
-3.33806 -0.510696
-3.33804 -0.515972
-3.33801 -0.521325
-3.33808 -0.526675
-3.33805 -0.531998
-3.33816 -0.537406
-3.33797 -0.542695
-3.33817 -0.548095
-3.33825 -0.553358
-3.33807 -0.558747
-3.33817 -0.564125
-3.33821 -0.56944
-3.33816 -0.574824
-3.33815 -0.58006
-3.33818 -0.585498
-3.33823 -0.590853
-3.33823 -0.596164
-3.33827 -0.60151
-3.33829 -0.606915
-3.33835 -0.612309
-3.33827 -0.617735
-3.33814 -0.622944
-3.33812 -0.628475
-3.33824 -0.633884
-3.33838 -0.639278
-3.33839 -0.644715
-3.33833 -0.649926
-3.33836 -0.655416
-3.33843 -0.660837
-3.33847 -0.666141
-3.33847 -0.671643
-3.33847 -0.677037
-3.33845 -0.68245
-3.33849 -0.687876
-3.33849 -0.693261
-3.33861 -0.698772
-3.33861 -0.70419
-3.33868 -0.709591
-3.33861 -0.714973
-3.33845 -0.72064
-3.3386 -0.725795
-3.3387 -0.73136
-3.33864 -0.736809
-3.33876 -0.742259
-3.33876 -0.747822
-3.33877 -0.753156
-3.33875 -0.758666
-3.33878 -0.76415
-3.33879 -0.769639
-3.33889 -0.775132
-3.33886 -0.780532
-3.33885 -0.786072
-3.33893 -0.791595
-3.33848 -0.796958
-3.33892 -0.802661
-3.33899 -0.808046
-3.33883 -0.813648
-3.33901 -0.819057
-3.33902 -0.824459
-3.33904 -0.830106
-3.33913 -0.835617
-3.33907 -0.841148
-3.33914 -0.846687
-3.33911 -0.852257
-3.33907 -0.857633
-3.33914 -0.863438
-3.33915 -0.868829
-3.33911 -0.8745
-3.3393 -0.879884
-3.33927 -0.885621
-3.33935 -0.891146
-3.33922 -0.896752
-3.33945 -0.902335
-3.33926 -0.907849
-3.33939 -0.91344
-3.33944 -0.919076
-3.33938 -0.924717
-3.33959 -0.930327
-3.3396 -0.935883
-3.33957 -0.941491
-3.33948 -0.947094
-3.33965 -0.952794
-3.33963 -0.958358
-3.33968 -0.964036
-3.33942 -0.969661
-3.33939 -0.975439
-3.33965 -0.980713
-3.3397 -0.986776
-3.33966 -0.992438
-3.33986 -0.997864
-3.3397 -1.0037
-3.33984 -1.00936
-3.33994 -1.01493
-3.33991 -1.02057
-3.33977 -1.02637
-3.33988 -1.03207
-3.34008 -1.03765
-3.33999 -1.04347
-3.33992 -1.04906
-3.34 -1.05489
-3.3401 -1.06077
-3.34001 -1.06648
-3.34019 -1.07212
-3.34036 -1.07782
-3.34007 -1.08353
-3.34014 -1.08948
-3.34018 -1.09506
-3.34024 -1.10094
-3.34042 -1.10671
-3.34042 -1.11233
-3.3404 -1.1182
-3.34045 -1.12405
-3.34052 -1.12982
-3.3404 -1.13571
-3.3403 -1.14143
-3.34052 -1.14726
-3.3405 -1.15276
-3.34016 -1.15908
-3.3407 -1.16499
-3.34047 -1.17038
-3.34093 -1.17618
-3.34078 -1.18218
-3.34072 -1.18816
-3.34071 -1.19397
-3.34074 -1.19975
-3.34095 -1.20561
-3.34093 -1.21167
-3.34096 -1.21754
-3.34098 -1.22348
-3.34099 -1.22936
-3.34102 -1.23518
-3.34114 -1.24112
-3.34105 -1.24705
-3.34118 -1.25257
-3.34117 -1.25935
-3.34111 -1.26518
-3.34113 -1.27098
-3.34156 -1.27701
-3.34148 -1.28294
-3.34137 -1.28897
-3.34125 -1.29481
-3.34134 -1.30086
-3.34146 -1.30689
-3.34147 -1.31297
-3.34153 -1.31896
-3.34183 -1.32482
-3.34153 -1.33085
-3.34184 -1.33677
-3.34187 -1.34291
-3.34184 -1.34882
-3.34142 -1.35498
-3.34153 -1.36131
-3.34201 -1.3674
-3.34197 -1.37322
-3.34193 -1.37944
-3.34202 -1.38552
-3.34209 -1.39156
-3.34214 -1.39782
-3.34216 -1.40391
-3.3422 -1.41006
-3.34229 -1.41618
-3.34206 -1.42245
-3.34249 -1.42851
-3.34223 -1.43453
-3.34225 -1.44053
-3.34255 -1.44716
-3.3426 -1.45332
-3.34252 -1.46009
-3.34277 -1.46552
-3.34263 -1.47191
-3.34269 -1.47804
-3.34258 -1.48444
-3.34272 -1.49053
-3.34277 -1.49682
-3.34287 -1.5032
-3.34293 -1.50946
-3.34289 -1.51561
-3.34275 -1.52185
-3.34317 -1.52829
-3.34305 -1.5346
-3.34341 -1.54098
-3.34254 -1.54749
-3.34336 -1.55357
-3.34328 -1.56003
-3.34335 -1.5662
-3.34343 -1.57245
-3.34322 -1.57886
-3.34344 -1.58527
-3.3434 -1.5917
-3.34358 -1.59806
-3.34365 -1.60456
-3.34369 -1.61094
-3.34364 -1.61727
-3.34359 -1.62391
-3.34367 -1.6304
-3.34385 -1.63676
-3.34371 -1.64366
-3.3441 -1.65025
-3.34319 -1.6566
-3.34391 -1.66212
-3.34383 -1.66882
-3.34426 -1.67561
-3.34412 -1.68233
-3.34417 -1.68876
-3.34435 -1.69523
-3.34459 -1.70195
-3.34446 -1.70855
-3.34448 -1.7152
-3.34457 -1.72176
-3.34447 -1.72842
-3.34467 -1.73507
-3.34494 -1.74204
-3.3442 -1.7483
-3.34471 -1.7548
-3.34452 -1.7612
-3.34523 -1.76802
-3.3446 -1.77489
-3.34493 -1.78152
-3.34502 -1.78802
-3.3451 -1.79491
-3.34523 -1.80171
-3.34526 -1.80823
-3.34533 -1.8151
-3.34542 -1.82193
-3.3453 -1.82859
-3.3455 -1.83536
-3.34538 -1.84207
-3.34557 -1.84884
-3.34637 -1.85533
-3.34547 -1.8628
-3.34606 -1.86926
-3.34611 -1.8765
-3.34596 -1.8834
-3.34565 -1.89004
-3.34599 -1.89711
-3.34636 -1.90401
-3.3462 -1.91075
-3.34613 -1.91798
-3.34633 -1.9249
-3.34633 -1.93174
-3.3467 -1.93902
-3.34658 -1.94587
-3.34654 -1.95271
-3.34677 -1.95964
-3.34696 -1.96718
-3.34731 -1.97344
-3.34667 -1.98173
-3.34697 -1.98803
-3.34691 -1.99494
-3.34689 -2.00209
-3.34702 -2.00928
-3.34728 -2.01656
-3.34719 -2.02357
-3.34736 -2.0305
-3.34728 -2.03767
-3.34738 -2.04487
-3.34739 -2.05236
-3.34776 -2.05906
-3.34806 -2.06629
-3.34756 -2.07315
-3.34809 -2.08021
-3.34804 -2.08875
-3.34755 -2.09614
-3.34745 -2.1028
-3.3477 -2.11021
-3.34821 -2.11774
-3.34797 -2.12501
-3.34823 -2.13215
-3.34812 -2.13955
-3.34809 -2.14701
-3.34851 -2.15429
-3.34864 -2.16174
-3.34897 -2.16891
-3.34872 -2.17644
-3.34855 -2.18393
-3.34852 -2.19151
-3.34818 -2.19862
-3.34872 -2.20677
-3.34952 -2.21468
-3.34913 -2.22146
-3.34933 -2.22899
-3.34918 -2.23655
-3.34947 -2.24417
-3.34957 -2.25175
-3.34968 -2.25935
-3.34971 -2.26664
-3.34965 -2.27448
-3.34975 -2.28212
-3.35007 -2.29004
-3.35009 -2.29766
-3.34975 -2.30513
-3.34986 -2.3126
-3.35045 -2.32005
-3.3503 -2.32923
-3.35066 -2.3362
-3.35083 -2.34438
-3.35072 -2.35233
-3.35078 -2.3597
-3.35054 -2.36777
-3.35079 -2.37563
-3.35096 -2.38318
-3.35057 -2.39118
-3.35113 -2.39899
-3.35116 -2.40717
-3.35136 -2.4153
-3.35142 -2.42313
-3.35113 -2.43125
-3.35185 -2.43866
-3.35172 -2.44664
-3.3517 -2.45458
-3.35161 -2.46328
-3.35155 -2.47136
-3.35241 -2.47938
-3.35223 -2.48728
-3.35256 -2.49568
-3.35237 -2.50375
-3.35254 -2.51167
-3.3526 -2.51983
-3.35279 -2.52854
-3.35291 -2.53652
-3.35251 -2.54483
-3.35332 -2.5532
-3.35302 -2.56156
-3.35359 -2.56916
-3.35339 -2.57742
-3.3532 -2.58562
-3.35442 -2.5953
-3.35342 -2.60292
-3.35379 -2.61168
-3.354 -2.62
-3.35391 -2.62871
-3.35398 -2.63704
-3.35404 -2.64543
-3.35416 -2.65441
-3.35465 -2.66268
-3.35459 -2.67125
-3.35499 -2.67966
-3.35486 -2.68858
-3.35521 -2.69693
-3.35523 -2.7058
-3.35533 -2.7148
-3.355 -2.72191
-3.35447 -2.73181
-3.35559 -2.73984
-3.35492 -2.7492
-3.35573 -2.75791
-3.35583 -2.76651
-3.35593 -2.77557
-3.35598 -2.78435
-3.35625 -2.79337
-3.35602 -2.80176
-3.3563 -2.8111
-3.35624 -2.81983
-3.35606 -2.82908
-3.35691 -2.83786
-3.35677 -2.84771
-3.35701 -2.85559
-3.35687 -2.864
-3.35717 -2.87444
-3.35768 -2.8833
-3.3575 -2.89297
-3.35718 -2.90153
-3.35763 -2.91095
-3.35771 -2.92024
-3.35792 -2.92921
-3.35758 -2.93881
-3.35826 -2.94782
-3.3582 -2.95708
-3.35847 -2.96679
-3.35852 -2.97592
-3.35857 -2.98563
-3.3584 -2.99524
-3.35921 -3.00438
-3.35885 -3.01457
-3.35873 -3.02461
-3.36084 -3.03331
-3.35965 -3.043
-3.35948 -3.05231
-3.35988 -3.06218
-3.35994 -3.0716
-3.36061 -3.0814
-3.36005 -3.09119
-3.36053 -3.1008
-3.36071 -3.11037
-3.36117 -3.12013
-3.36041 -3.13019
-3.36083 -3.13967
-3.36228 -3.14913
-3.36166 -3.15887
-3.36152 -3.16984
-3.36165 -3.17958
-3.36212 -3.19054
-3.3618 -3.1998
-3.36157 -3.20936
-3.36238 -3.21995
-3.36257 -3.2301
-3.36241 -3.23991
-3.36242 -3.25057
-3.36269 -3.2601
-3.36296 -3.27051
-3.36281 -3.28105
-3.36313 -3.29111
-3.36302 -3.30211
-3.36339 -3.31225
-3.36336 -3.32394
-3.36453 -3.33101
-3.3656 -3.34323
-3.36424 -3.35387
-3.36464 -3.36448
-3.36511 -3.37564
-3.36512 -3.38582
-3.36542 -3.39663
-3.36546 -3.4072
-3.36562 -3.4177
-3.36568 -3.42879
-3.36585 -3.43945
-3.36593 -3.45078
-3.36617 -3.4605
-3.36557 -3.47212
-3.36661 -3.48277
-3.36688 -3.49363
-3.36742 -3.50398
-3.36641 -3.5142
-3.36685 -3.52734
-3.36722 -3.53788
-3.36776 -3.54829
-3.36777 -3.55978
-3.36779 -3.5711
-3.3684 -3.58248
-3.36811 -3.59374
-3.36822 -3.60518
-3.36851 -3.61647
-3.36856 -3.62749
-3.36853 -3.63998
-3.36904 -3.65129
-3.36918 -3.66339
-3.36934 -3.67613
-3.37039 -3.68605
-3.3703 -3.69618
-3.3714 -3.70892
-3.37073 -3.72053
-3.37105 -3.73283
-3.37176 -3.74435
-3.37156 -3.75605
-3.37248 -3.76815
-3.37203 -3.77981
-3.37147 -3.79192
-3.37179 -3.8039
-3.37192 -3.81583
-3.37231 -3.82753
-3.37316 -3.84019
-3.37171 -3.85292
-3.37222 -3.86516
-3.37265 -3.87801
-3.37407 -3.88889
-3.37424 -3.90277
-3.37457 -3.91475
-3.37451 -3.9266
-3.375 -3.93962
-3.375 -3.95196
-3.37531 -3.96506
-3.3752 -3.97625
-3.37507 -3.98966
-3.37565 -4.00262
-3.37608 -4.01507
-3.37657 -4.02745
-3.375 -4.04145
-3.3775 -4.05346
-3.37735 -4.06721
-3.37993 -4.08013
-3.37766 -4.096
-3.37749 -4.10581
-3.37762 -4.11955
-3.37862 -4.13199
-3.37865 -4.14586
-3.37833 -4.15933
-3.37911 -4.17305
-3.37935 -4.18667
-3.37999 -4.19982
-3.37969 -4.2131
-3.38052 -4.22732
-3.38009 -4.24117
-3.38074 -4.2543
-3.3813 -4.26691
-3.38059 -4.28108
-3.38137 -4.29419
-3.38142 -4.31373
-3.38248 -4.32593
-3.38311 -4.33929
-3.38324 -4.35206
-3.38273 -4.36702
-3.38296 -4.38089
-3.38368 -4.39483
-3.38302 -4.40961
-3.38409 -4.42377
-3.38491 -4.43861
-3.38485 -4.45291
-3.38595 -4.46771
-3.38553 -4.48313
-3.38461 -4.49785
-3.38598 -4.51011
-3.38706 -4.52883
-3.38515 -4.54335
-3.3876 -4.55869
-3.38624 -4.57375
-3.38791 -4.58816
-3.38716 -4.60113
-3.38853 -4.61664
-3.38875 -4.63231
-3.38889 -4.65001
-3.38953 -4.66402
-3.38954 -4.6793
-3.39054 -4.69559
-3.39016 -4.711
-3.39116 -4.72678
-3.39136 -4.74524
-3.39231 -4.75583
-3.39464 -4.77503
-3.38997 -4.78725
-3.39119 -4.80615
-3.39297 -4.82303
-3.39524 -4.83731
-3.3938 -4.85506
-3.39455 -4.8706
-3.39454 -4.88736
-3.39458 -4.90415
-3.39545 -4.92045
-3.3963 -4.93749
-3.39689 -4.95413
-3.39673 -4.97193
-3.39828 -4.98795
-3.39764 -5.00401
-3.39808 -5.02475
-3.39472 -5.04141
-3.40275 -5.05612
-3.39718 -5.07387
-3.3981 -5.09096
-3.39844 -5.10975
-3.39968 -5.12694
-3.39983 -5.14438
-3.40125 -5.16323
-3.40142 -5.18074
-3.40176 -5.19716
-3.40254 -5.21547
-3.40187 -5.2338
-3.40418 -5.2513
-3.40347 -5.27071
-3.4049 -5.28913
-3.4044 -5.30582
-3.40663 -5.32883
-3.40168 -5.34791
-3.40979 -5.36272
-3.40673 -5.38247
-3.40674 -5.39891
-3.40751 -5.4195
-3.40885 -5.43885
-3.40837 -5.45748
-3.41028 -5.47829
-3.4098 -5.49722
-3.41028 -5.51638
-3.41044 -5.5349
-3.41125 -5.55518
-3.41355 -5.5744
-3.4134 -5.59365
-3.41099 -5.60874
-3.41316 -5.63638
-3.41644 -5.66263
-3.41389 -5.67721
-3.41427 -5.69786
-3.4135 -5.71827
-3.4174 -5.73823
-3.41594 -5.76039
-3.41713 -5.78101
-3.41463 -5.80282
-3.41981 -5.82384
-3.41916 -5.84417
-3.41977 -5.86581
-3.41834 -5.88648
-3.41977 -5.90909
-3.41705 -5.92641
-3.42271 -5.94922
-3.4227 -5.98517
-3.42536 -5.99602
-3.4214 -6.02378
-3.4255 -6.04292
-3.42781 -6.06589
-3.42434 -6.0857
-3.42761 -6.11056
-3.42866 -6.13492
-3.42905 -6.15636
-3.42669 -6.17963
-3.42834 -6.20219
-3.43235 -6.22824
-3.43201 -6.25006
-3.43453 -6.27129
-3.43648 -6.29708
-3.42535 -6.31149
-3.44697 -6.34996
-3.4275 -6.36656
-3.43108 -6.39405
-3.43124 -6.41698
-3.43499 -6.44356
-3.43828 -6.46873
-3.43885 -6.49305
-3.43908 -6.51926
-3.43991 -6.5434
-3.43957 -6.56978
-3.44148 -6.59622
-3.44001 -6.62118
-3.44373 -6.64732
-3.44327 -6.67922
-3.45536 -6.69677
-3.45739 -6.71729
-3.43768 -6.77299
-3.44677 -6.76795
-3.45201 -6.80215
-3.44438 -6.83046
-3.45132 -6.85371
-3.44293 -6.88504
-3.44962 -6.91162
-3.44694 -6.94106
-3.45276 -6.97302
-3.4541 -7.00404
-3.45562 -7.02798
-3.45294 -7.05521
-3.45718 -7.08597
-3.46074 -7.1093
-3.45585 -7.14785
-3.45848 -7.16768
-3.46522 -7.21594
-3.45225 -7.23919
-3.46528 -7.26409
-3.46683 -7.29484
-3.45848 -7.33816
-3.46294 -7.34836
-3.47017 -7.38259
-3.46684 -7.41294
-3.46077 -7.44732
-3.47893 -7.48408
-3.47099 -7.51206
-3.47787 -7.53998
-3.47256 -7.57678
-3.47837 -7.59934
-3.47313 -7.63046
-3.46775 -7.676
-3.45067 -7.74442
-3.49512 -7.74086
-3.46651 -7.7792
-3.47479 -7.81612
-3.47584 -7.84133
-3.4761 -7.8707
-3.48564 -7.90907
-3.47826 -7.94996
-3.47218 -7.97077
-3.48445 -8.01597
-3.48354 -8.04622
-3.49594 -8.08543
-3.49366 -8.1113
-3.48621 -8.15811
-3.47088 -8.1655
-3.46139 -8.24286
-3.46688 -8.31482
-3.50833 -8.28875
-3.51535 -8.35489
-3.50329 -8.4027
-3.532 -8.4441
-3.53956 -8.48064
-3.49648 -8.50635
-3.50811 -8.5454
-3.50864 -8.56318
-3.48599 -8.62457
-3.50122 -8.65287
-3.4948 -8.69673
-3.50169 -8.72542
-3.50311 -8.78102
-3.56599 -8.77217
-3.48928 -8.90895
-3.65811 -8.99652
-3.48299 -8.97281
-3.53584 -9.00948
-3.56457 -9.04863
-3.49501 -9.09089
-3.50064 -9.10168
-3.52151 -9.15303
-3.52236 -9.22344
-3.55466 -9.27228
-3.52622 -9.28195
-3.54341 -9.33895
-3.5216 -9.37556
-3.51997 -9.46157
-3.55707 -9.47944
-3.50614 -9.56141
-3.6158 -9.4888
-3.6137 -9.78561
-3.5608 -9.63304
-3.56552 -9.72543
-3.5863 -9.68845
-3.46062 -9.84463
-3.67594 -10.0077
-3.52715 -9.95644
-3.55333 -10.0266
-3.58352 -10.013
-3.51665 -10.0651
-3.55501 -10.1614
-3.56814 -10.2224
-3.5918 -10.2367
-3.53045 -10.2772
-3.54224 -10.2311
-3.64281 -10.7278
-3.31027 -10.5731
-3.80955 -10.6423
-3.80762 -10.7512
-3.68572 -10.8606
-3.70108 -10.5717
-3.74795 -10.7136
-3.74329 -10.839
-3.71452 -10.908
-3.68276 -10.9858
-3.6003 -11.1643
-3.6168 -11.1227
-3.667 -11.1247
-3.60603 -11.2708
-3.78825 -11.3155
-4.07432 -11.2553
-3.55046 -11.8596
-2.98521 -10.7318
-3.27492 -11.6159
-3.66112 -10.8718
-3.61966 -11.0276
-3.76396 -12.2773
-3.61268 -11.4379
-3.90635 -11.9408
-3.88071 -12.0368
-3.75611 -12.1844
-3.69568 -11.858
-3.56091 -12.0645
-3.25635 -12.2945
-3.70284 -12.1354
-3.59419 -12.4182
-2.8404 -14.3874
-4.13038 -10.3057
-4.65131 -10.2973
-3.90793 -13.1838
-4.43093 -13.0673
-4.15084 -12.755
-3.67289 -12.2382
-4.02851 -13.3665
-3.32327 -13.9124
-3.82145 -13.6617
-3.85715 -13.8641
-4.07849 -14.1412
-3.82828 -13.7051
-3.62274 -13.6902
-3.94736 -13.818
-3.80145 -14.2374
-4.29705 -14.6255
-6.47554 -12.0274
-6.18252 -12.7581
-3.14745 -15.5158
-3.9565 -14.2007
-4.0947 -14.6719
-2.10378 -14.3794
-5.80796 -15.8527
-4.84451 -14.5752
-3.98679 -14.6991
-3.91003 -13.9285
-5.3583 -15.2341
-3.1389 -15.3442
-4.14308 -15.7817
-2.33319 -16.0283
-2.13724 -13.9402
-2.32236 -24.8436
-0.546988 2.56843
-13.5355 -13.314
8.61196 -15.5166
-6.35478 -17.8332
-7.7348 -20.3621
4.78624 -10.7385
-19.3394 -10.3529
-7.1495 -17.9435
-3.49789 -20.2849
-3.42595 -20.7185
-4.13203 -20.9529
-4.11388 -19.8475
-5.74497 -18.9054
-5.80214 -18.6737
-7.81739 -21.6734
-1.65206 -27.3884
-4.70081 -15.9609
-1.57001 -21.8225
-3.51387 -18.6683
-0.746781 -18.511
0.862149 -18.2653
-4.85825 -22.0046
-11.7887 -22.0512
-4.7198 -15.3948
-2.06279 -17.6768
-1.72841 -17.6129
-5.59632 -21.2971
-5.51407 -19.738
-3.14576 -20.0773
-2.95017 -19.6259
-3.71702 -22.1136
-7.67128 -17.7614
-8.97463 -28.0374
-12.7094 -14.8857
-4.98452 -21.4467
-3.34145 -19.1619
-2.44854 -19.1615
-6.59571 -18.5141
-6.541 -21.5504
-8.5894 -16.3925
-6.98153 -19.9312
-3.8051 -24.1988
-4.38304 -23.1661
-4.28249 -22.4761
-4.33853 -20.2625
-6.79851 -23.3393
-5.91941 -22.7069
-4.01939 -23.2686
4.15202 -22.8485
-7.34044 -25.4851
-6.64858 -30.4911
-3.86057 -27.0703
-5.15601 -10.8824
23.3583 -10.5321
-16.0357 -41.865
-5.8528 -36.743
-5.07766 -36.8139
-4.71232 -29.7591
-4.88227 -34.4648
-6.25013 -33.4553
-6.77887 -37.6276
-7.82878 -34.6261
-7.18129 -36.9921
-6.08456 -29.1162
-24.6437 -60.3623
-9.15966 -40.1956
-19.7728 -40.9466
-13.1775 -31.7031
-15.0686 -26.0281
-15.4481 -31.0049
10.1802 -9.60855
-1.25357 -32.9142
-8.42651 -25.4577
-7.28869 -31.5715
-12.9942 -38.1103
-6.90954 -35.9547
-8.87763 -31.7845
-14.6207 -40.3234
-19.9025 -41.2383
-17.029 -18.8026
42.0108 -74.4641
-30.6336 10.6989
-10.1588 -54.0313
-13.8358 -52.8644
-13.1543 -78.9396
-19.6546 -53.6471
-6.53704 -48.0713
1.32992 -68.036
0.891048 -53.7717
-18.6855 -51.7971
-4.68401 -43.5439
-7.78339 -50.5007
-15.0286 -56.7486
-22.7504 -58.1191
-28.485 -60.2159
-29.6026 -50.4217
-64.0204 -49.1283
50.0121 -34.8958
-33.8838 -87.7106
2.3661 -49.0755
0.0135827 -67.8622
-106.681 -41.2523
-58.6268 -115.3
-6.42607 -79.5021
-7.24366 -63.0568
2.43019 -75.1059
-34.7857 -52.8845
-17.7633 -70.5925
-22.3462 -65.7125
-27.8299 -83.1787
-17.7757 -68.7111
62.0306 -106.491
-128.108 -90.8682
-144.182 -177.696
9.48417 -203.143
-22.534 -220.451
42.4879 -287.769
-15.1004 -84.4778
276.888 -190.737
-12.0244 -252.414
-15.4157 -218.122
10.1824 -280.688
-18.6836 -306.837
-97.7223 -328.466
-4.2452 -255.912
-126.983 -413.1
-313.034 -567.971
305.215 -40.1195
-216.209 -1896.79
428.125 -1904.92
1044.12 2103.79
